[0.08971805742044925, 0.5320722254701424, 1.673724046818925, 0.3239293250380366, 0.4359901149941581, 0.962128065921904, 1.633510755898662, 0.10786786764267453, 1.1846357900056685, 0.6937035793389172, 0.8355879437634757, 0.3378347857291093, 1.3068839188456451, 0.5531646546776181, 0.9786247971191715, 0.6678526051403288, 1.1427401485663538, 0.8129074492292128, 0.454276687752581, 1.0885342744978115, 1.856467838228282, 0.7564792334619597]
rgb_list=[[0.7346861450679739, 0, 0.2652198141403573], [0.719692849427504, 0, 0.2802134986791466], [0.7046995537870341, 0, 0.29520718321793576], [0.6897062581465643, 0, 0.31020086775672506], [0.6747129625060944, 0, 0.32519455229551425], [0.6597196668656243, 0, 0.3401882368343035], [0.6447263712251545, 0, 0.35518192137309273], [0.6297330755846846, 0, 0.370175605911882], [0.6147397799442147, 0, 0.3851692904506712], [0.5997464843037448, 0, 0.4001629749894604], [0.5847531886632749, 0, 0.4151566595282497], [0.5697598930228049, 0, 0.4301503440670389], [0.554766597382335, 0, 0.4451440286058282], [0.539773301741865, 0, 0.4601377131446174], [0.5247800061013951, 0, 0.4751313976834067], [0.5097867104609252, 0, 0.49012508222219586], [0.49479341482045525, 0, 0.5051187667609851], [0.4798001191799853, 0, 0.5201124512997743], [0.4648068235395154, 0, 0.5351061358385636], [0.44981352789904544, 0, 0.5500998203773528], [0.43482023225857547, 0, 0.5650935049161422], [0.41982693661810555, 0, 0.5800871894549314], [0.40483364097763563, 0, 0.5950808739937206], [0.3898403453371657, 0, 0.6100745585325099], [0.3748470496966958, 0, 0.6250682430712992], [0.3598537540562258, 0, 0.6400619276100884], [0.34486045841575586, 0, 0.6550556121488776], [0.32986716277528594, 0, 0.6700492966876669], [0.314873867134816, 0, 0.6850429812264562], [0.2998805714943461, 0, 0.7000366657652455], [0.2848872758538762, 0, 0.7150303503040347], [0.26989398021340627, 0, 0.7300240348428239], [0.25490068457293635, 0, 0.7450177193816132], [0.23990738893246638, 0, 0.7600114039204025], [0.2249140932919965, 0, 0.7750050884591916], [0.20992079765152652, 0, 0.7899987729979808], [0.19492750201105663, 0, 0.8049924575367703], [0.1799342063705867, 0, 0.8199861420755593], [0.16494091073011677, 0, 0.8349798266143487], [0.1499476150896468, 0, 0.8499735111531381], [0.1349543194491769, 0, 0.864967195691927], [0.11996102380870698, 0, 0.8799608802307165], [0.10496772816823698, 0, 0.8949545647695056], [0.08997443252776707, 0, 0.909948249308295], [0.07498113688729718, 0, 0.9249419338470841], [0.059987841246827135, 0, 0.9399356183858734], [0.04499454560635728, 0, 0.9549293029246628], [0.030001249965887312, 0, 0.969922987463452], [0.015007954325417456, 0, 0.9849166720022412]]
update_list=[0, 1, 2, 3, 4, 5, 6, 7, 8, 9, 10, 11, 12, 13, 14, 15, 16, 17, 18, 19, 20, 21, 22, 23, 24, 25, 26, 27, 28, 29, 30, 31, 32, 33, 34, 35, 36, 37, 38, 39, 40, 41, 42, 43, 44, 45, 46, 47, 48, 49, 50, 51, 52, 53, 54, 55, 56, 57, 58, 59, 60, 61, 62, 63, 64, 65, 66, 67, 68, 69, 70, 71, 72, 73, 74, 75, 76, 77, 78, 79, 80, 81, 82, 83, 84, 85, 86, 87, 88, 89, 90, 91, 92, 93, 94, 95, 96, 97, 98, 99, 100, 101, 102, 103, 104, 105, 106, 107, 108, 109, 110, 111, 112, 113, 114, 115, 116, 117, 118, 119, 120, 121, 122, 123, 124, 125, 126, 127, 128, 129, 130, 131, 132, 133, 134, 135, 136, 137, 138, 139, 140, 141, 142, 143, 144, 145, 146, 147, 148, 149, 150]
cost_list=[0.5142980363320248, 0.5067306857538645, 0.5037685108527004, 0.5019179183271497, 0.5004797304174273, 0.49919023501879123, 0.4979130527257744, 0.49655951899585427, 0.4950609187003914, 0.4933569938497542, 0.4913908470999241, 0.4891069452323652, 0.48645100242666106, 0.48337125648259455, 0.47982088599457895, 0.4757613202707062, 0.47116607159861423, 0.4660245465543077, 0.4603451458907113, 0.4541569141400119, 0.4475090876527179, 0.4404681412181712, 0.4331123803746695, 0.4255248223453047, 0.41778596370652094, 0.40996865503264174, 0.40213706000679184, 0.39435009299628965, 0.38666720942675775, 0.37915234033125256, 0.37187240718042436, 0.36489114169843534, 0.3582639384082501, 0.35203980630351844, 0.3462703567066734, 0.341017009538993, 0.33634472696918627, 0.3323016670938711, 0.3288992129923927, 0.3261062451832242, 0.32385832547335236, 0.3220735305336803, 0.32066701445884677, 0.3195606787245116, 0.3186878479596595, 0.317994372381475, 0.3174377213884811, 0.316985222388658, 0.3166121295025657, 0.3162998578489607, 0.31603450902839675, 0.3158056994206916, 0.3156056597429952, 0.31542855665716785, 0.31526998734703016, 0.31512660642897383, 0.31499585155107823, 0.3148757419968625, 0.31476473090137363, 0.31466159669152205, 0.31456536316867323, 0.31447524050404974, 0.31439058151161214, 0.31431084911250656, 0.31423559199656115, 0.3141644263195315, 0.31409702186213007, 0.31403309148627023, 0.3139723830470653, 0.31391467315466737, 0.31385976228781254, 0.313807470977699, 0.31375763676929036, 0.31371011179023556, 0.313664760785793, 0.31362145951420195, 0.31358009342368326, 0.3135405565512976, 0.31350275059991317, 0.3134665841427503, 0.3134319719676103, 0.3133988344858063, 0.31336709723615175, 0.31333669043650125, 0.3133075486003457, 0.3132796101911559, 0.3132528173153373, 0.3132271154471924, 0.3132024531813719, 0.31317878201013044, 0.3131560561168174, 0.3131342321970977, 0.3131132692866406, 0.31309312860792643, 0.3130737734126146, 0.3130551689330854, 0.3130372820990549, 0.31302008159133465, 0.31300353765678784, 0.3129876220307306, 0.31297230784805496, 0.31295756956284404, 0.31294338287168255, 0.31292972464310886, 0.31291657285173635, 0.31290390651663813, 0.3128917056439718, 0.3128799511731898, 0.31286862492634704, 0.31285770956162523, 0.3128471885286108, 0.3128370460269576, 0.3128272669673725, 0.312817836935261, 0.31280874215583276, 0.31279996946202415, 0.3127915062639245, 0.31278334051999307, 0.31277546070995565, 0.31276785580926547, 0.31276051526496196, 0.3127534289728491, 0.3127465872560066, 0.31273998084442056, 0.31273360085573243, 0.3127274387770431, 0.3127214864424269, 0.31271573604280467, 0.31271018005791223, 0.31270481129438904, 0.31269962284558495, 0.31269460808301464, 0.31268976064475573, 0.3126850744230628, 0.31268054355313024, 0.31267616240243734, 0.3126719255604715, 0.31266782782905866, 0.3126638642132943, 0.3126600299125809, 0.3126563203124839, 0.31265273097660207, 0.3126492576391134, 0.3126458961463723, 0.3126426426564163, 0.31263949336988806, 0.3126364445337754, 0.3126334926847909, 0.31263063444046035, 0.3126278665450717, 0.3126251858643302]
accuracy_list=[0.48567841088111774, 0.493833139230637, 0.4972739353180489, 0.49959318688774024, 0.501544796959754, 0.5034332325420816, 0.505430354343902, 0.5076583501060787, 0.510218592698981, 0.5132028733988824, 0.5166971172053215, 0.520780909705032, 0.5255240908361906, 0.5309810759104504, 0.537183600150056, 0.5441329421896228, 0.5517931697644903, 0.5600873190081452, 0.5688983685035313, 0.5780761665500234, 0.5874501042156582, 0.59684563470424, 0.6061013186247626, 0.6150825379078718, 0.6236887210559189, 0.6318528104005586, 0.6395342847094603, 0.646709636744144, 0.653365703681501, 0.6595003410760003, 0.6651299814408739, 0.6702958252232527, 0.6750566870816391, 0.679464678932883, 0.6835363927808646, 0.6872417901239787, 0.6905231923198034, 0.6933318459360385, 0.695655336666879, 0.6975219614255506, 0.698988364213984, 0.7001230707959226, 0.7009937417860038, 0.7016600558931666, 0.7021711025481359, 0.7025654846393282, 0.7028726860083645, 0.7031148117721235, 0.7033082512456966, 0.7034650846679452, 0.7035941977617497, 0.7037021317882287, 0.7037937165309857, 0.7038725347696441, 0.703941260345104, 0.7040019032533943, 0.7040559867844185, 0.7041046758307081, 0.7041488698495784, 0.7041892705180494, 0.7042264310964299, 0.7042607926527136, 0.7042927107632877, 0.7043224753113532, 0.7043503252579835, 0.7043764597373849, 0.7044010464388463, 0.7044242279968158, 0.7044461268903693, 0.7044668492256176, 0.7044864876987557, 0.7045051239049133, 0.7045228301783517, 0.7045396710564072, 0.7045557044597432, 0.704570982648303, 0.7045855530041132, 0.7045994586755145, 0.7046127391107524, 0.7046254305125135, 0.7046375662031727, 0.704649176954165, 0.7046602912537482, 0.7046709355438794, 0.7046811344209731, 0.7046909108124914, 0.7047002861298538, 0.704709280403591, 0.7047179124018117, 0.7047261997355547, 0.7047341589527276, 0.7047418056208528, 0.7047491544026764, 0.7047562191232583, 0.704763012863525, 0.7047695478382964, 0.7047758358423857, 0.704781887824131, 0.704787714255275, 0.7047933250200995, 0.7047987295110308, 0.7048039366306544, 0.704808954836851, 0.7048137921618922, 0.7048184562419733, 0.7048229543384309, 0.7048272933604568, 0.7048314798847506, 0.7048355201746421, 0.7048394201972732, 0.7048431856400414, 0.7048468219258353, 0.7048503342272667, 0.7048537274800099, 0.7048570063953316, 0.704860175471784, 0.7048632390062453, 0.7048662011042665, 0.7048690656897597, 0.7048718365142557, 0.7048745171654354, 0.7048771110753098, 0.7048796215278941, 0.7048820516664138, 0.7048844045001649, 0.7048866829109606, 0.7048888896589451, 0.7048910273891962, 0.7048930986375891, 0.7048951058315776, 0.704897051302113, 0.7048989372831497, 0.7049007659180005, 0.70490253926273, 0.7049042592907552, 0.7049059278961557, 0.7049075468974806, 0.7049091180413175, 0.7049106430048212, 0.7049121233994082, 0.7049135607733152, 0.7049149566145784, 0.7049163123535289, 0.7049176293968843, 0.7049189089990063, 0.7049201524424753, 0.7049213610098429, 0.7049225358410209, 0.7049236780734641, 0.7049247887955902, 0.7049258690576412]

------------------------------------------------------------
Sender: LSF System <lsfadmin@c48n10>
Subject: Job 4862336: <python p_r20_trainset4.py> in cluster <njucluster> Done

Job <python p_r20_trainset4.py> was submitted from host <c01n01> by user <sjwu> in cluster <njucluster> at Thu Oct  7 09:53:21 2021
Job was executed on host(s) <24*c48n10>, in queue <mpi>, as user <sjwu> in cluster <njucluster> at Thu Oct  7 09:53:23 2021
                            <24*c60n07>
</share/home/sjwu> was used as the home directory.
</share/home/sjwu/wlj/project/state/separate> was used as the working directory.
Started at Thu Oct  7 09:53:23 2021
Terminated at Thu Oct  7 14:13:33 2021
Results reported at Thu Oct  7 14:13:33 2021

Your job looked like:

------------------------------------------------------------
# LSBATCH: User input
python p_r20_trainset4.py
------------------------------------------------------------

Successfully completed.

Resource usage summary:

    CPU time :                                   135679.34 sec.
    Max Memory :                                 7971 MB
    Average Memory :                             1726.76 MB
    Total Requested Memory :                     -
    Delta Memory :                               -
    Max Swap :                                   17592186044415 MB
    Max Processes :                              52
    Max Threads :                                1206
    Run time :                                   15609 sec.
    Turnaround time :                            15612 sec.

The output (if any) is above this job summary.

