p_error_sample_list=[0.5, 0.25000000000000006, 0.0669872981077807, 0.0, 0.06698729810778059, 0.24999999999999983, 0.5, 0.2500000000000001, 0.06698729810778081, 0.0, 0.06698729810778048, 0.24999999999999978]
mean_p_error=0.18899576603592685
h_initial=[0.8451569705577362, 1.9534505214549986, 0.7191326551445503, 0.1853540242434848, 1.5568964394664428]
cost_list_sample=[[0.5402416429893013, 0.5133896839293226, 0.5083129591103088, 0.5060065752396641, 0.504683337861155, 0.5038256409744185, 0.503225436973004, 0.5027825595596248, 0.5024427683052777, 0.502174132049938, 0.5019566342106658, 0.5017770953170645, 0.5016264876159937, 0.5014984227603669, 0.5013882546031665, 0.5012925249623642, 0.5012086076096748, 0.5011344730274531, 0.5010685285653342, 0.501009507276698, 0.5009563889934852, 0.5009083432438324, 0.5008646872818752, 0.5008248547634317, 0.5007883720509615, 0.500754840064749, 0.50072392022833, 0.5006953234688785, 0.5006688015270652, 0.5006441400308694, 0.5006211529294913, 0.5005996779866384, 0.5005795731054147, 0.5005607133116146, 0.500542988261418, 0.5005263001718081, 0.5005105620913874, 0.5004956964452834, 0.5004816338141951, 0.5004683118944073, 0.5004556746104062, 0.5004436713620535, 0.5004322563748907, 0.5004213881405353, 0.5004110289339225, 0.5004011443934895, 0.5003917031571994, 0.5003826765429453, 0.5003740382701751, 0.5003657642148505, 0.5003578321937999, 0.5003502217743592, 0.5003429141059104, 0.5003358917704486, 0.5003291386496975, 0.500322639806733, 0.5003163813802354, 0.5003103504898745, 0.5003045351514892, 0.5002989242008656, 0.5002935072251581, 0.5002882745010413, 0.5002832169388647, 0.5002783260321209, 0.50027359381166, 0.5002690128041382, 0.5002645759942481, 0.5002602767903362, 0.5002561089930648, 0.5002520667668042, 0.5002481446134833, 0.5002443373486549, 0.5002406400795654, 0.5002370481850302, 0.5002335572969487, 0.5002301632831908, 0.5002268622323871, 0.5002236504388348, 0.5002205243896257, 0.500217480752241, 0.5002145163631802, 0.5002116282174176, 0.5002088134586827, 0.5002060693703976, 0.5002033933672869, 0.5002007829875843, 0.5001982358857785, 0.5001957498258709, 0.5001933226750821, 0.5001909523980175, 0.5001886370511703, 0.5001863747778388, 0.5001841638033361, 0.5001820024306369, 0.5001798890359941, 0.5001778220652446, 0.5001758000300426, 0.5001738215044587, 0.5001718851217447, 0.5001699895713174, 0.5001681335959214], [0.5410130066474603, 0.5076454480634873, 0.4953576777372004, 0.4848838996765173, 0.47410387821218636, 0.4624266627782478, 0.44973682196324427, 0.43604266687992266, 0.4213390988816789, 0.4056398055981185, 0.38907383098657256, 0.3719525213176901, 0.3547731010360915, 0.33815462921948014, 0.32271996687594084, 0.30896460656728114, 0.29716716369036705, 0.28737425648685394, 0.2794500541054909, 0.2731533222346815, 0.26820720804039044, 0.2643457301207112, 0.26133712014987626, 0.25899098565581535, 0.2571565059185433, 0.25571676545708294, 0.2545821711355317, 0.2536843731269239, 0.2529712094372064, 0.25240273463451846, 0.2519481990961105, 0.25158379012728727, 0.25129095471424695, 0.2510551545654703, 0.2508649382296396, 0.25071124480175405, 0.2505868771139593, 0.2504860997021947, 0.25040432941760826, 0.2503378954940043, 0.2502838522080225, 0.2502398317464456, 0.25020392808146197, 0.25017460494491, 0.25015062265599314, 0.25013097978066995, 0.250114866512072, 0.25010162734861274, 0.25009073116937425, 0.25008174720943954, 0.25007432575027283, 0.2500681825840826, 0.2500630865033174, 0.2500588492175203, 0.2500553172200505, 0.25005236522217006, 0.25004989084830914, 0.2500478103469634, 0.25004605511959327, 0.2500445689093169, 0.25004330552216014, 0.25004222697795353, 0.25004130199593466, 0.2500405048254029, 0.2500398141753575, 0.25003921246962824, 0.25003868512313937, 0.2500382200800679, 0.2500378073224576, 0.2500374385228577, 0.25003710674930907, 0.2500368062233531, 0.25003653212130755, 0.2500362804067979, 0.25003604771648236, 0.2500358312085989, 0.2500356285119552, 0.2500354376299365, 0.25003525688195094, 0.2500350848514545, 0.2500349203429165, 0.2500347623459334, 0.2500346100054173, 0.25003446259682577, 0.2500343195053361, 0.2500341802085936, 0.25003404426218845, 0.25003391128749536, 0.250033780961522, 0.2500336530083203, 0.250033527191808, 0.2500334033097058, 0.2500332811884302, 0.25003316067878334, 0.2500330416523098, 0.25003292399821797, 0.25003280762076974, 0.25003269243706994, 0.2500325783751907, 0.25003246537257734, 0.2500323533746922], [0.5404543184818702, 0.47485090797560164, 0.4280985901086063, 0.3862635275938331, 0.3495380653624393, 0.3161767645340829, 0.28368443219434286, 0.24840146051026524, 0.2050704069179532, 0.15007520781902367, 0.09759781888411612, 0.07664165231212938, 0.07293503893172987, 0.07207818089302531, 0.07164164338398865, 0.07130584474355195, 0.0710101553090775, 0.07073917870782814, 0.0704876101724104, 0.07025319102292316, 0.07003447330774026, 0.06983035510863805, 0.06963985361769576, 0.06946207606270782, 0.06929618790263381, 0.0691414105911804, 0.06899701405469177, 0.06886231474977794, 0.06873667217306817, 0.06861948663124029, 0.06851019669689223, 0.06840827702518704, 0.06831323617236945, 0.06822461457464934, 0.06814198260381182, 0.0680649387336254, 0.06799310779727097, 0.06792613934089281, 0.06786370606672326, 0.06780550236444038, 0.0677512429255015, 0.06770066144038933, 0.06765350937036735, 0.06760955478966835, 0.06756858132266735, 0.06753038709556136, 0.06749478380856044, 0.06746159581750483, 0.06743065932467529, 0.06740182157481561, 0.06737494012555134, 0.06734988216022264, 0.06732652384500787, 0.06730474972786671, 0.06728445217662671, 0.06726553085401032, 0.06724789222704103, 0.06723144910887807, 0.06721612023096424, 0.0672018298435556, 0.06718850734283943, 0.06717608692290022, 0.06716450725099427, 0.06715371116448227, 0.06714364538817713, 0.06713426027062491, 0.06712550953821733, 0.06711735006573338, 0.06710974166249206, 0.06710264687289424, 0.06709603079046611, 0.06708986088446739, 0.0670841068382727, 0.06707874039869088, 0.06707373523552163, 0.06706906681063862, 0.0670647122559393, 0.06706065025965985, 0.06705686096034652, 0.06705332584807477, 0.06705002767238538, 0.06704695035648589, 0.06704407891730091, 0.06704139939091092, 0.06703889876326546, 0.0670365649052852, 0.06703438651268634, 0.06703235304981009, 0.0670304546971654, 0.06702868230272685, 0.06702702733647398, 0.06702548184805462, 0.06702403842722465, 0.06702269016712542, 0.06702143063002342, 0.0670202538153486, 0.0670191541299544, 0.0670181263603824, 0.06701716564702426, 0.06701626746004846, 0.06701542757696466], [0.5391242666581213, 0.4569066644228011, 0.396281453163466, 0.3433782099791796, 0.2951216234500911, 0.2473300579019646, 0.19074405919721837, 0.11107235817300704, 0.026361241877085495, 0.0029572430094126356, 0.0010364886876836343, 0.0006138370903770451, 0.0004141198246164768, 0.0002993940150662344, 0.00022961741263816116, 0.00018644762161507122, 0.00015945181586279888, 0.0001423902749288497, 0.00013144578422441544, 0.0001242740002324605, 0.00011943218898030628, 0.00011603222606870744, 0.00011352726185093198, 0.00011158053006538049, 0.00010998458183686388, 0.00010861156906943892, 0.00010738263975434981, 0.0001062490998910981, 0.00010518081905103172, 0.00010415909452804462, 0.00010317226001221869, 0.00010221298325213679, 0.00010127660323472343, 0.00010036010691633068, 9.94614995746268e-05, 9.857941729934927e-05, 9.771288847010284e-05, 9.686118689977707e-05, 9.602374128897528e-05, 9.520007952146248e-05, 9.438979414216897e-05, 9.359252104418347e-05, 9.280792621946254e-05, 9.203569748972296e-05, 9.127553928861554e-05, 9.052716934865312e-05, 8.979031654293701e-05, 8.906471945402394e-05, 8.835012538943587e-05, 8.764628967861121e-05, 8.695297514649258e-05, 8.62699516956944e-05, 8.559699596932813e-05, 8.493389105190818e-05, 8.42804262121688e-05, 8.363639666675304e-05, 8.300160335883433e-05, 8.237585275583381e-05, 8.175895665379906e-05, 8.115073195130718e-05, 8.055100064735532e-05, 7.995958940931747e-05, 7.937632959037488e-05, 7.880105704477502e-05, 7.823361192677014e-05, 7.767383861234656e-05, 7.71215855953078e-05, 7.65767051842392e-05, 7.603905358177787e-05, 7.550849064036358e-05, 7.498487977386503e-05, 7.446808787081594e-05, 7.395798517151331e-05, 7.345444512979471e-05, 7.295734434925594e-05, 7.246656249226824e-05, 7.198198216634699e-05, 7.150348884232827e-05, 7.103097076954779e-05, 7.056431888852188e-05, 7.010342675739523e-05, 6.964819046606507e-05, 6.919850856934584e-05, 6.875428200897593e-05, 6.831541404783703e-05, 6.788181019956596e-05, 6.745337816832508e-05, 6.703002778041256e-05, 6.66116709287512e-05, 6.61982215123813e-05, 6.578959537839602e-05, 6.538571027048246e-05, 6.498648577374366e-05, 6.45918432650161e-05, 6.420170586352025e-05, 6.381599838217733e-05, 6.343464728153503e-05, 6.305758062663536e-05, 6.268472804177305e-05, 6.231602067058306e-05, 6.19513911320202e-05], [0.5383529029999623, 0.4874085687992283, 0.45387756452120936, 0.4179727839688153, 0.37579354116402747, 0.3263287996348231, 0.2710539886016344, 0.21383473258535274, 0.16078360160933985, 0.11979337590815153, 0.09563506617438156, 0.08454568448655986, 0.07967627081221373, 0.07715632447130744, 0.07556726070103109, 0.07442261501060371, 0.0735337976393815, 0.07281277014700044, 0.07221087689584921, 0.07169788478710842, 0.07125362501583227, 0.07086404711202254, 0.07051906358703552, 0.07021124814793528, 0.06993500145252485, 0.06968599887532173, 0.0694608184020643, 0.06925668722010087, 0.06907130781814758, 0.06890273781351675, 0.0687493062595676, 0.06860955480554748, 0.06848219582102938, 0.06836608213691736, 0.06826018475803691, 0.06816357607734225, 0.06807541690667285, 0.06799494618197038, 0.06792147256690889, 0.06785436741945311, 0.06779305878707093, 0.06773702614436145, 0.06768579574732075, 0.0676389364621674, 0.06759605600248242, 0.06755679749418103, 0.06752083636225986, 0.06748787749015223, 0.06745765250015884, 0.06742991756760575, 0.06740445102553261, 0.06738105145599005, 0.06735953584824445, 0.067339737908026, 0.06732150653923175, 0.06730470444657366, 0.06728920686862666, 0.06727490041705486, 0.06726168202785432, 0.06724945800562243, 0.06723814315114018, 0.0672276599785494, 0.06721793799586345, 0.06720891305668003, 0.0672005267716766, 0.06719272597461762, 0.06718546223884686, 0.06717869143891941, 0.06717237335345727, 0.06716647130534859, 0.06716095183579901, 0.06715578440904307, 0.06715094114482939, 0.06714639657605831, 0.06714212742917586, 0.06713811242516743, 0.0671343320992272, 0.06713076863718015, 0.06712740572739129, 0.06712422842620897, 0.0671212230361527, 0.06711837699523021, 0.0671156787765772, 0.06711311779732371, 0.06711068433585654, 0.06710836945665866, 0.06710616494202482, 0.06710406322999862, 0.06710205735794378, 0.06710014091121846, 0.06709830797648325, 0.06709655309919965, 0.06709487124493196, 0.06709325776410036, 0.06709170835985906, 0.06709021905881818, 0.06708878618434422, 0.06708740633219795, 0.06708607634829927, 0.06708479330842831, 0.06708355449966968], [0.5389115911655523, 0.5116095491526499, 0.5046934861741532, 0.5001917272385559, 0.49607884167184035, 0.49157316523683164, 0.486177149331912, 0.4794745031403094, 0.4710822864711678, 0.46066324105953127, 0.4479794089890577, 0.4329790357300771, 0.4158963823236085, 0.39731803352771816, 0.3781502561835536, 0.35944827151389175, 0.3421565336160368, 0.3268931570826021, 0.31388756861968276, 0.3030620621161706, 0.29416659332064826, 0.2868914910525478, 0.2809351955490488, 0.2760353935271624, 0.2719779499737321, 0.2685944641909592, 0.2657550737486269, 0.26336019500142954, 0.2613330183471127, 0.2596134411940139, 0.2581535048654538, 0.2569141241798985, 0.25586281739001493, 0.2549721587201599, 0.254218727198899, 0.25358238261988386, 0.2530457501406076, 0.252593834650393, 0.2522137150333101, 0.25189428834310323, 0.25162604693518215, 0.2514008795385768, 0.2512118918354941, 0.25105324448731103, 0.2509200076052689, 0.25080803099548815, 0.2507138294759345, 0.25063448241857395, 0.2505675464850527, 0.2505109804065241, 0.25046308058511224, 0.2504224262898118, 0.250387833254578, 0.2503583145617366, 0.2503330477854574, 0.25031134747784284, 0.25029264218218283, 0.25027645526856357, 0.2502623889772051, 0.2502501111485479, 0.25023934419627997, 0.2502298559485155, 0.2502214520418621, 0.25021396960698256, 0.2502072720231991, 0.2502012445635339, 0.2501957907732497, 0.25019082946057236, 0.25018629219316885, 0.25018212121383976, 0.2501782677049587, 0.2501746903412715, 0.2501713540834149, 0.25016822917044546, 0.2501652902778705, 0.25016251581505683, 0.25015988733533173, 0.2501573890439364, 0.250155007384639, 0.25015273069328453, 0.2501505489068287, 0.2501484533195535, 0.250146436376896, 0.2501444915030316, 0.2501426129551409, 0.25014079570073244, 0.2501390353136758, 0.2501373278872029, 0.25013566995955305, 0.2501340584514093, 0.25013249061280046, 0.25013096397802254, 0.2501294763274714, 0.25012802565491743, 0.250126610139878, 0.25012522812392424, 0.2501238780904606, 0.2501225586474089, 0.2501212685124398, 0.2501200064999497, 0.2501187715104947], [0.5402416429893013, 0.5133896839293226, 0.5083129591103088, 0.5060065752396641, 0.504683337861155, 0.5038256409744185, 0.503225436973004, 0.5027825595596248, 0.5024427683052777, 0.502174132049938, 0.5019566342106658, 0.5017770953170645, 0.5016264876159937, 0.5014984227603669, 0.5013882546031665, 0.5012925249623642, 0.5012086076096748, 0.5011344730274531, 0.5010685285653342, 0.501009507276698, 0.5009563889934852, 0.5009083432438324, 0.5008646872818752, 0.5008248547634317, 0.5007883720509615, 0.500754840064749, 0.50072392022833, 0.5006953234688785, 0.5006688015270652, 0.5006441400308694, 0.5006211529294913, 0.5005996779866384, 0.5005795731054147, 0.5005607133116146, 0.500542988261418, 0.5005263001718081, 0.5005105620913874, 0.5004956964452834, 0.5004816338141951, 0.5004683118944073, 0.5004556746104062, 0.5004436713620535, 0.5004322563748907, 0.5004213881405353, 0.5004110289339225, 0.5004011443934895, 0.5003917031571994, 0.5003826765429453, 0.5003740382701751, 0.5003657642148505, 0.5003578321937999, 0.5003502217743592, 0.5003429141059104, 0.5003358917704486, 0.5003291386496975, 0.500322639806733, 0.5003163813802354, 0.5003103504898745, 0.5003045351514892, 0.5002989242008656, 0.5002935072251581, 0.5002882745010413, 0.5002832169388647, 0.5002783260321209, 0.50027359381166, 0.5002690128041382, 0.5002645759942481, 0.5002602767903362, 0.5002561089930648, 0.5002520667668042, 0.5002481446134833, 0.5002443373486549, 0.5002406400795654, 0.5002370481850302, 0.5002335572969487, 0.5002301632831908, 0.5002268622323871, 0.5002236504388348, 0.5002205243896257, 0.500217480752241, 0.5002145163631802, 0.5002116282174176, 0.5002088134586827, 0.5002060693703976, 0.5002033933672869, 0.5002007829875843, 0.5001982358857785, 0.5001957498258709, 0.5001933226750821, 0.5001909523980175, 0.5001886370511703, 0.5001863747778388, 0.5001841638033361, 0.5001820024306369, 0.5001798890359941, 0.5001778220652446, 0.5001758000300426, 0.5001738215044587, 0.5001718851217447, 0.5001699895713174, 0.5001681335959214], [0.5410130066474603, 0.507645448063487, 0.49535767773720046, 0.48488389967651757, 0.4741038782121863, 0.4624266627782485, 0.44973682196324505, 0.43604266687992294, 0.42133909888167925, 0.4056398055981185, 0.3890738309865721, 0.37195252131769063, 0.3547731010360911, 0.3381546292194794, 0.32271996687594035, 0.30896460656728114, 0.2971671636903674, 0.28737425648685444, 0.2794500541054908, 0.2731533222346815, 0.26820720804039017, 0.2643457301207109, 0.2613371201498765, 0.25899098565581524, 0.2571565059185433, 0.2557167654570834, 0.2545821711355319, 0.25368437312692366, 0.25297120943720647, 0.25240273463451796, 0.25194819909611094, 0.25158379012728743, 0.25129095471424734, 0.25105515456547045, 0.2508649382296396, 0.2507112448017538, 0.2505868771139592, 0.2504860997021948, 0.2504043294176087, 0.2503378954940045, 0.2502838522080222, 0.25023983174644576, 0.25020392808146186, 0.2501746049449103, 0.2501506226559934, 0.2501309797806701, 0.2501148665120721, 0.25010162734861363, 0.2500907311693747, 0.2500817472094399, 0.2500743257502731, 0.25006818258408253, 0.25006308650331743, 0.2500588492175205, 0.25005531722005053, 0.2500523652221697, 0.2500498908483094, 0.25004781034696394, 0.2500460551195936, 0.25004456890931676, 0.2500433055221602, 0.25004222697795275, 0.2500413019959345, 0.2500405048254032, 0.2500398141753574, 0.2500392124696283, 0.25003868512313937, 0.2500382200800678, 0.2500378073224575, 0.2500374385228577, 0.2500371067493093, 0.250036806223353, 0.2500365321213078, 0.2500362804067982, 0.25003604771648236, 0.2500358312085988, 0.2500356285119554, 0.2500354376299368, 0.25003525688195094, 0.2500350848514552, 0.2500349203429164, 0.25003476234593375, 0.25003461000541743, 0.25003446259682577, 0.2500343195053361, 0.2500341802085937, 0.2500340442621887, 0.2500339112874955, 0.25003378096152246, 0.2500336530083203, 0.2500335271918081, 0.25003340330970636, 0.25003328118843043, 0.2500331606787836, 0.25003304165230983, 0.25003292399821825, 0.25003280762076985, 0.25003269243707016, 0.25003257837519066, 0.2500324653725771, 0.2500323533746925], [0.5404543184818702, 0.4748509079756018, 0.4280985901086063, 0.3862635275938334, 0.34953806536244, 0.31617676453408283, 0.28368443219434325, 0.24840146051026457, 0.20507040691795203, 0.150075207819023, 0.09759781888411545, 0.0766416523121296, 0.07293503893172942, 0.0720781808930252, 0.07164164338398898, 0.07130584474355178, 0.07101015530907812, 0.07073917870782892, 0.07048761017241051, 0.07025319102292332, 0.07003447330774015, 0.06983035510863761, 0.06963985361769542, 0.06946207606270782, 0.06929618790263381, 0.06914141059118106, 0.06899701405469189, 0.06886231474977794, 0.06873667217306823, 0.06861948663124023, 0.0685101966968924, 0.06840827702518631, 0.06831323617236928, 0.0682246145746494, 0.06814198260381188, 0.06806493873362551, 0.06799310779727102, 0.06792613934089303, 0.06786370606672332, 0.067805502364441, 0.06775124292550128, 0.06770066144038939, 0.06765350937036746, 0.06760955478966846, 0.06756858132266691, 0.06753038709556192, 0.06749478380855972, 0.0674615958175046, 0.06743065932467518, 0.06740182157481506, 0.06737494012555156, 0.0673498821602232, 0.06732652384500776, 0.06730474972786604, 0.06728445217662726, 0.06726553085401077, 0.0672478922270408, 0.06723144910887785, 0.06721612023096413, 0.0672018298435556, 0.06718850734283965, 0.06717608692289989, 0.06716450725099438, 0.06715371116448271, 0.06714364538817735, 0.06713426027062475, 0.06712550953821811, 0.06711735006573372, 0.06710974166249212, 0.06710264687289447, 0.06709603079046594, 0.06708986088446717, 0.0670841068382722, 0.0670787403986911, 0.06707373523552124, 0.06706906681063868, 0.06706471225593946, 0.06706065025966007, 0.06705686096034652, 0.06705332584807472, 0.0670500276723856, 0.06704695035648578, 0.06704407891730141, 0.06704139939091103, 0.06703889876326546, 0.06703656490528492, 0.06703438651268606, 0.06703235304981031, 0.06703045469716595, 0.06702868230272713, 0.06702702733647425, 0.06702548184805457, 0.06702403842722443, 0.0670226901671257, 0.06702143063002347, 0.06702025381534887, 0.06701915412995435, 0.06701812636038207, 0.06701716564702426, 0.06701626746004818, 0.06701542757696521], [0.5391242666581213, 0.4569066644228011, 0.396281453163466, 0.3433782099791796, 0.2951216234500911, 0.2473300579019646, 0.19074405919721837, 0.11107235817300704, 0.026361241877085495, 0.0029572430094126356, 0.0010364886876836343, 0.0006138370903770451, 0.0004141198246164768, 0.0002993940150662344, 0.00022961741263816116, 0.00018644762161507122, 0.00015945181586279888, 0.0001423902749288497, 0.00013144578422441544, 0.0001242740002324605, 0.00011943218898030628, 0.00011603222606870744, 0.00011352726185093198, 0.00011158053006538049, 0.00010998458183686388, 0.00010861156906943892, 0.00010738263975434981, 0.0001062490998910981, 0.00010518081905103172, 0.00010415909452804462, 0.00010317226001221869, 0.00010221298325213679, 0.00010127660323472343, 0.00010036010691633068, 9.94614995746268e-05, 9.857941729934927e-05, 9.771288847010284e-05, 9.686118689977707e-05, 9.602374128897528e-05, 9.520007952146248e-05, 9.438979414216897e-05, 9.359252104418347e-05, 9.280792621946254e-05, 9.203569748972296e-05, 9.127553928861554e-05, 9.052716934865312e-05, 8.979031654293701e-05, 8.906471945402394e-05, 8.835012538943587e-05, 8.764628967861121e-05, 8.695297514649258e-05, 8.62699516956944e-05, 8.559699596932813e-05, 8.493389105190818e-05, 8.42804262121688e-05, 8.363639666675304e-05, 8.300160335883433e-05, 8.237585275583381e-05, 8.175895665379906e-05, 8.115073195130718e-05, 8.055100064735532e-05, 7.995958940931747e-05, 7.937632959037488e-05, 7.880105704477502e-05, 7.823361192677014e-05, 7.767383861234656e-05, 7.71215855953078e-05, 7.65767051842392e-05, 7.603905358177787e-05, 7.550849064036358e-05, 7.498487977386503e-05, 7.446808787081594e-05, 7.395798517151331e-05, 7.345444512979471e-05, 7.295734434925594e-05, 7.246656249226824e-05, 7.198198216634699e-05, 7.150348884232827e-05, 7.103097076954779e-05, 7.056431888852188e-05, 7.010342675739523e-05, 6.964819046606507e-05, 6.919850856934584e-05, 6.875428200897593e-05, 6.831541404783703e-05, 6.788181019956596e-05, 6.745337816832508e-05, 6.703002778041256e-05, 6.66116709287512e-05, 6.61982215123813e-05, 6.578959537839602e-05, 6.538571027048246e-05, 6.498648577374366e-05, 6.45918432650161e-05, 6.420170586352025e-05, 6.381599838217733e-05, 6.343464728153503e-05, 6.305758062663536e-05, 6.268472804177305e-05, 6.231602067058306e-05, 6.19513911320202e-05], [0.5383529029999623, 0.48740856879922845, 0.4538775645212093, 0.4179727839688152, 0.37579354116402763, 0.3263287996348226, 0.2710539886016344, 0.21383473258535246, 0.16078360160933924, 0.11979337590815187, 0.09563506617438078, 0.08454568448655908, 0.07967627081221385, 0.07715632447130738, 0.07556726070103087, 0.07442261501060365, 0.073533797639381, 0.07281277014700077, 0.07221087689584882, 0.0716978847871082, 0.07125362501583232, 0.07086404711202215, 0.07051906358703497, 0.0702112481479355, 0.06993500145252479, 0.06968599887532134, 0.06946081840206447, 0.06925668722010081, 0.06907130781814685, 0.06890273781351614, 0.06874930625956688, 0.06860955480554742, 0.06848219582102893, 0.06836608213691703, 0.06826018475803586, 0.06816357607734225, 0.06807541690667229, 0.06799494618196983, 0.0679214725669085, 0.06785436741945328, 0.06779305878707098, 0.06773702614436072, 0.06768579574732037, 0.06763893646216779, 0.06759605600248209, 0.06755679749418086, 0.06752083636225997, 0.0674878774901514, 0.0674576525001584, 0.0674299175676053, 0.06740445102553216, 0.06738105145598966, 0.06735953584824489, 0.06733973790802605, 0.06732150653923169, 0.0673047044465731, 0.06728920686862683, 0.06727490041705447, 0.06726168202785471, 0.0672494580056221, 0.06723814315113968, 0.06722765997854918, 0.06721793799586356, 0.06720891305667998, 0.06720052677167693, 0.06719272597461723, 0.06718546223884597, 0.06717869143891964, 0.06717237335345688, 0.06716647130534831, 0.06716095183579956, 0.0671557844090423, 0.06715094114482895, 0.06714639657605859, 0.06714212742917519, 0.06713811242516732, 0.06713433209922681, 0.06713076863717965, 0.06712740572739029, 0.06712422842620913, 0.06712122303615198, 0.06711837699522927, 0.06711567877657687, 0.06711311779732415, 0.06711068433585632, 0.06710836945665832, 0.06710616494202448, 0.06710406322999857, 0.06710205735794356, 0.06710014091121796, 0.06709830797648275, 0.06709655309919904, 0.06709487124493202, 0.06709325776409991, 0.06709170835985795, 0.06709021905881773, 0.06708878618434339, 0.06708740633219773, 0.06708607634829944, 0.06708479330842881, 0.0670835544996694], [0.5389115911655523, 0.5116095491526499, 0.5046934861741534, 0.5001917272385559, 0.49607884167184, 0.4915731652368317, 0.48617714933191203, 0.4794745031403097, 0.47108228647116845, 0.46066324105953166, 0.44797940898905764, 0.43297903573007734, 0.4158963823236089, 0.39731803352771866, 0.3781502561835539, 0.35944827151389186, 0.3421565336160369, 0.3268931570826022, 0.31388756861968276, 0.30306206211617037, 0.29416659332064754, 0.2868914910525478, 0.28093519554904867, 0.27603539352716283, 0.2719779499737317, 0.2685944641909591, 0.2657550737486267, 0.26336019500142965, 0.26133301834711287, 0.259613441194014, 0.2581535048654542, 0.2569141241798983, 0.2558628173900151, 0.25497215872015994, 0.2542187271988989, 0.25358238261988386, 0.25304575014060726, 0.25259383465039287, 0.25221371503330986, 0.2518942883431037, 0.25162604693518176, 0.2514008795385773, 0.2512118918354944, 0.2510532444873108, 0.2509200076052687, 0.25080803099548765, 0.2507138294759347, 0.2506344824185735, 0.25056754648505325, 0.25051098040652425, 0.25046308058511185, 0.2504224262898116, 0.25038783325457853, 0.25035831456173646, 0.2503330477854569, 0.2503113474778425, 0.2502926421821832, 0.2502764552685634, 0.2502623889772053, 0.2502501111485478, 0.2502393441962795, 0.2502298559485153, 0.2502214520418617, 0.2502139696069824, 0.2502072720231998, 0.25020124456353426, 0.2501957907732496, 0.25019082946057186, 0.2501862921931689, 0.25018212121383976, 0.25017826770495794, 0.2501746903412721, 0.2501713540834141, 0.250168229170445, 0.25016529027787077, 0.25016251581505694, 0.2501598873353316, 0.25015738904393675, 0.25015500738463853, 0.25015273069328364, 0.25015054890682853, 0.25014845331955354, 0.2501464363768964, 0.25014449150303186, 0.2501426129551407, 0.2501407957007322, 0.25013903531367565, 0.250137327887203, 0.250135669959553, 0.25013405845140957, 0.25013249061280035, 0.2501309639780219, 0.2501294763274713, 0.25012802565491715, 0.25012661013987775, 0.25012522812392457, 0.2501238780904602, 0.25012255864740895, 0.2501212685124402, 0.25012000649995036, 0.2501187715104945]]
cost_list_sample_ave=[0.5396829548237114, 0.49196847039051517, 0.4644369551358241, 0.4397827872827608, 0.41588654795362334, 0.3912768485100615, 0.3641036480435594, 0.33193471347474696, 0.2978465673437504, 0.2735505009073626, 0.25554654132207943, 0.24475163770898298, 0.23755356675737563, 0.2310841641478274, 0.2249494998600531, 0.21927005173655126, 0.21420595161340014, 0.20984937095444456, 0.2062060140238319, 0.2032167069063023, 0.2007896201445127, 0.19882599981063667, 0.197234907907897, 0.195939356447853, 0.19487733364670537, 0.19400034845806055, 0.19327106336816655, 0.19266085711116696, 0.19214769835360845, 0.19171444989978106, 0.19134758868458798, 0.19103627285130176, 0.19077167563438502, 0.1905465139026213, 0.19035471375856325, 0.19019117030361885, 0.19005157115639462, 0.18993226291793897, 0.1898301467733391, 0.18974259426582174, 0.18966737754338747, 0.1896026104588118, 0.1895466982226257, 0.1894982940870137, 0.18945626200993712, 0.18941964448812312, 0.1893876349387615, 0.1893595540562071, 0.1893348296458043, 0.18931297954381898, 0.18929359710923588, 0.18927633903602695, 0.18926091509217133, 0.18924707951277495, 0.189234623799546, 0.18922337070066605, 0.18921316918495903, 0.18920389024734832, 0.1891954234106267, 0.18918767380664323, 0.18918055973970413, 0.1891740106530614, 0.1891679654255182, 0.18916237095711888, 0.1891571809636663, 0.18915235498685923, 0.18914785754221608, 0.18914365742346886, 0.1891397270963704, 0.18913604219539745, 0.18913258109563166, 0.1891293245491101, 0.1891262553754268, 0.18912335819702544, 0.18912061921672463, 0.18911802601752412, 0.18911556740283442, 0.18911323324973173, 0.18911101438578706, 0.18910890248169207, 0.18910688995803673, 0.18910496990418105, 0.18910313600724063, 0.18910138249008315, 0.18909970405682228, 0.1890980958448422, 0.18909655338242035, 0.18909507255135974, 0.18909364955369926, 0.18909228088220079, 0.18909096329401906, 0.1890896937871819, 0.189088469579528, 0.1890872880898047, 0.1890861469206545, 0.18908504384332261, 0.18908397678380875, 0.1890829438103574, 0.18908194312212345, 0.189080973038832]
cost_list_sample_var=[8.920574044522512e-07, 0.00043892364610712274, 0.0017631555090512794, 0.0037837950640642252, 0.006383111456338786, 0.009727971349468281, 0.014461481465386486, 0.021916838639158387, 0.03136976327302269, 0.03613927322814292, 0.038478787536117436, 0.03853364739069948, 0.03725678403023775, 0.03574332462402972, 0.03429421648052489, 0.033017255656627706, 0.031955672291917515, 0.031110676621863013, 0.030457469780410945, 0.029960635084068838, 0.02958491436514327, 0.029300316154943665, 0.029083352746214947, 0.02891643794598883, 0.028786715759452325, 0.028684888976883798, 0.028604244421975736, 0.028539907275501795, 0.028488297822948174, 0.028446747419570956, 0.028413232082873472, 0.02838618946873722, 0.028364393424334864, 0.02834686759957569, 0.028332825299600198, 0.028321626891084264, 0.028312748976609698, 0.028305761519836575, 0.028300310423452338, 0.028296103925030222, 0.028292901740674285, 0.02829050625078718, 0.028288755249036082, 0.02828751592654627, 0.028286679853686894, 0.028286158787376395, 0.02828588116165685, 0.02828578915677223, 0.02828583625744617, 0.028285985210662376, 0.02828620634496491, 0.028286476168493623, 0.028286776214985848, 0.028287092093740796, 0.02828741270813349, 0.028287729615563636, 0.028288036503726993, 0.028288328763535164, 0.028288603141014192, 0.028288857454508418, 0.02828909036552514, 0.028289301192991848, 0.02828948976339418, 0.02828965629127417, 0.028289801280924568, 0.028289925450393456, 0.02829002966855898, 0.02829011490790759, 0.02829018220503547, 0.02829023263084084, 0.028290267267222585, 0.028290287189215346, 0.028290293451518973, 0.028290287078445508, 0.028290269057146725, 0.028290240331849768, 0.028290201801510793, 0.028290154317539718, 0.028290098683179946, 0.02829003565359066, 0.02828996593655789, 0.02828989019369239, 0.028289809041945144, 0.028289723055388807, 0.028289632767136367, 0.02828953867137877, 0.028289441225443454, 0.02828934085188484, 0.028289237940539443, 0.028289132850540844, 0.028289025912271438, 0.02828891742924546, 0.02828880767991553, 0.02828869691939581, 0.02828858538107229, 0.028288473278167258, 0.028288360805181278, 0.028288248139263752, 0.028288135441495974, 0.028288022858087417]

------------------------------------------------------------
Sender: LSF System <lsfadmin@c24n11>
Subject: Job 4780091: <python xz1_rh10_rg10.py> in cluster <njucluster> Done

Job <python xz1_rh10_rg10.py> was submitted from host <c01n01> by user <sjwu> in cluster <njucluster> at Mon Sep 27 17:15:28 2021
Job was executed on host(s) <24*c24n11>, in queue <mpi>, as user <sjwu> in cluster <njucluster> at Mon Sep 27 18:27:12 2021
</share/home/sjwu> was used as the home directory.
</share/home/sjwu/wlj/project/state/pure> was used as the working directory.
Started at Mon Sep 27 18:27:12 2021
Terminated at Mon Sep 27 19:18:59 2021
Results reported at Mon Sep 27 19:18:59 2021

Your job looked like:

------------------------------------------------------------
# LSBATCH: User input
python xz1_rh10_rg10.py
------------------------------------------------------------

Successfully completed.

Resource usage summary:

    CPU time :                                   70368.45 sec.
    Max Memory :                                 1953 MB
    Average Memory :                             1906.10 MB
    Total Requested Memory :                     -
    Delta Memory :                               -
    Max Swap :                                   -
    Max Processes :                              27
    Max Threads :                                307
    Run time :                                   3107 sec.
    Turnaround time :                            7411 sec.

The output (if any) is above this job summary.

