grad_list=[0.0935458749455303, -0.028147019873948683, 0.03439572840195855, 0.06403193908452434, 0.028024452597580865, 0.06059020884848659, 0.024099080994957195, -0.030206914094091205, -0.04589537118127057, -0.0620558616312865, 0.08207480968607064, 0.012291436719012349, -0.05766566837719114, 0.057598470314692445, 0.06532973701931068, -0.03767810352478551, -0.06818601592353535, 0.03667902069619488, 0.03970006652233515, -0.003769055575612786, -0.046844188964603066, -0.038027893043442215, 0.09132814151155733, -0.06680037131543658, 0.06388331458584345, 0.03593116524412008, 0.01605387243482445, -0.08322019754388374, 0.054602738712779875, 0.065854362852878, 0.00028168805080500586, 0.0008730154856577268, 0.063090953916214, -0.055359195923522064, -0.07283089488611098, 0.010163595715516493, -0.08331141677586414, 0.040391490686241996, -0.008569445701239091, -0.04727986825024698, -4.951648654969758e-05, 0.10225828511320785, -0.07413942143555563, -0.09774970209215471, -0.059311380811131596, -0.07022509294706158, 0.0652163255806343, -0.05585121332523376, -0.001417860818383835, -0.05178010152167443, 0.0031809824018154426, 0.0458987115153475, 0.08346420725614138, 0.001044000387818347, -0.05439518076676519, 0.0005735730784690136, -0.0005709079694436526, 0.10200124329165618, 0.04855161316341999, -0.10547378468196983, -0.07934390693688165, 0.029415494120351066, -0.05545961163498158, 0.00753866171559089, -0.034920060466025686, -0.026352296552908154, -0.014426470450398009, 0.04697383164546083, -0.09517850398450195, 0.022121661048124682, 0.05376188256383613, 0.0018744994982218132, -0.00036986037471356537, -0.09010409481655944, 0.036747972978954324, 0.04082050764928229, -0.07939579757773979, -0.0018756758299693136, -0.10675961408735139, -0.05364086672134776, -0.06512814501252732, 0.042418168537854274, 0.0351563089107936, -0.02048964564590711, 0.06846100409861026, 0.05862139087683588, 0.019512378445611146, -0.08077943912302518, -0.003931429439651091, -0.0008369320884573367, 0.0537969998791778, 0.10103177039235775, 0.03866087728667199, -0.0006351860144236517, -0.034732520066461936, -0.05450794409634271, -0.03070467431414631, 0.06525609833594666, -0.08325931656860319, -0.015751553764182274, -0.00044943179870342574, 0.04404829525075447, -0.06928481653954797, 0.029003964705228345, -0.0878798255671536, 0.06390499086672653, -0.07964316905003908, -0.017739492034752332, -0.06196759464043308, -0.06333317168664665, 0.10604599324370904, 0.021336910421142514, -0.08591976775424659, -0.062158568542865555, 0.07954295422303918, -0.05805436743493171, -0.07817455223410937, -0.0059538165426166354, 0.060061578507836375, -0.0535521755480237, 0.040711390037245866, -0.001182443497336454, 0.06683064471365006, 0.053840783272401695, 0.0007022571875661352, -0.07878358806911558, 0.05804642628072575, 0.10335609740735584, 0.08166071134161919, 0.08792783026992447, 0.052746250003096684, -0.030211689274183617, -0.048552828170094944, 0.06932762447382394, 0.02159102774083204, 0.02056240027250776, -0.04293652219794162, -0.0004115188078291807, 0.0897503947247133, 0.033958559823803774, 0.02996072119318613, -0.08311264353771862, -0.05178613587486907, -0.056265819533783734, -0.02498214295978987, 0.02301641389827303, 0.027548545162375884, 4.2498579333403683e-05, 0.01440416050490533, 0.04561596574059695, 0.08972708414264924, 0.07427572294229848, 0.05947821864313731, 0.07268619633717036, 0.015418442798279775, -0.006573915880490662, 0.09751192659841394, 0.06522924976720235, 0.04433321320005316, 0.07864249482866256, 0.0785114512123356, -0.0927665915169532, -0.10667886291618775, 1.4684719501012968e-06, -0.02752005659619465, -0.045808834896943804, -0.0817687145230984, 0.05846070272055063, 0.014860014391391299, -0.0017874379621786078, -0.07669994491260633, 0.07584365107037665, -0.05776265154030756, -0.07122456103610143, 0.018762987495438727, 0.003437993988797955, -0.05106744788869035, -0.07337299899346837, -0.09377161142351897, -0.06445528375557576, 0.10175849522288334, 0.008401422642329319, -0.05190212103218757, 0.009898808656415624, -0.01381440494844656, 0.05422544987026595, -0.028501364980491155, -0.06431120735630236, 0.029265680901750395, 0.02571347110540073, -0.06623256853486717, -0.06011148719149744, 0.029988377836201657, 0.08912302891968787, 0.043647087648802464, 0.014719921228610851, 0.005369020704663635, 0.0010936546811266467, -0.025635654030697164, -0.046054995500507935, 0.09141784969447837, 0.0613680661380062, 0.058763117715189064, 0.07476882847685445, -0.0014488156252473016, 0.028500994849066968, 0.07310641792394679, 0.04940953357877835, 0.01052740628180318, 3.155848722266823e-05, -0.06361442683896057, 0.0681981756680821, -0.00868598267864427, -0.057107840491440444, -0.09470500729860849, 0.004069806200409209, 0.10557139724787766, 0.002941505778698219, -0.06478492224866984, 0.08003720035294921, 0.035597841656513765, -0.07331784287552266, -0.01677972500961881, -0.0031270817536149073, -0.02304532901927942, 0.043177569435457586, -0.017740960566984293, -0.07402164973588961, 0.0005802648017561972, -0.06685400424087995, 0.0577854481625126, 0.08675306131729499, -0.05170542909392335, 0.05647234949599941, -0.0335001287747637, 0.07055650190150148, -0.0027122658360725247, 0.07800344354189584, 0.024941797014829757, 0.031267006204219516, -0.07012783308978113, -0.07743901909396533, -0.056536977448136586, 0.004291685985929645, -0.09210822735200459, 0.024735865454691964, -0.07099287627532362, 0.06078819236553218, 0.09694393017305789, 0.09519523589413918, 0.05994158802854631, -0.009012043642099416, 0.01701620753186463, 0.06992224565547399, 0.08461850297901398, -0.017976004247311498, 0.08544600498770806, -0.0679641788134712, -0.07301552738512847, 0.010594741883275083, 0.10369479718724069, 0.06806876063388985, 0.055262277645730974, -0.039750517511297837, -0.09221368960707928, -0.03722978148824835, 0.024639462451668283, -0.054966504541325255, 0.010809122984307857, 0.10440128467434293, 0.004110449412672608, -1.5724491803067492e-05, 0.03725571162220562, -0.059365409985758955, 0.0032334301448464706, -0.06091885407870471, 0.06814269799337848, -0.0658141693110675, 0.04949543401296732, 0.09891785110505799, -0.053495349321818535, 0.03238408713496086, -0.06864070073646365, -0.06919117410925879, -0.010838448002064023, -0.0658573043228724, 0.0388624956340389, -0.00010441806720235051, 0.024878919554193343, 0.06916650213109167, 0.010279647781365494, -0.08912103033749777, -0.05893621701021557, -0.0650238000837943, 0.012542405508226134, -0.0002234349004919766, 0.018869341623403427, -0.01831856274739083, 0.0715662785364479, -0.06296273879557818, 0.06319234561867107, -0.027946762104833166, 0.08784269058612067, 0.0411341811890113, -0.02085972101351692, -0.06028335733273624, -0.05217652815837552, -0.07149954645781566, 0.03328279052532455, 0.10083439879897005, -0.07314578618574372, 0.0764866138099739, -0.06091426411897984, -0.024659857817979688, -0.021639242155059975, 0.06311146935899947, 0.05176151841451224, 1.1136464876034772e-05, 0.050224824014304226, -0.0574967668159626, -0.07234521664088715, 0.06486736706711928, -0.008262759737921493, 0.04938167599427906, 0.07718148577931527, -0.07349041489838837, -0.0541456482493185, -0.048832125189576116, -0.055336365971272075, -0.10494023628612553, -0.004294223645485441, -0.0025559337346631895, 0.034265591917250406, 0.023810722566804117, 0.012781217071201244, -0.030963136290764515, 0.07601952403875058, -0.03992617681256108, -0.0644649347134702, -0.0755496197915182, -0.07704947780943998, 0.047472258436079565, -0.0580501861714355, 0.019962352187735365, 0.05734045584944014, 0.0927398827019128, -0.04418878104660848, 0.10553234433724266, 0.06452750032993278, -0.04056808261911776, 0.08362395956894932, -0.05420154393555212, 0.06892065828125458, 0.03750340309709822, 0.0006932132100250783, -0.04422164604623089, 0.07514122950183567, -0.014999224503116956, 0.025579663535318514, -0.04191521982771956, 0.05900721337547704, -0.020496594492778568, 0.0746110212242505, -0.07876577160887559, -0.06967904870005485, 0.07070901716730124, 0.05970553429688643, -0.01694715191457818, -0.10033407448025684, 0.07230498478615695, -0.047811083073172764, -0.09122178829238396, -0.011894198193640019, -0.03180236489317632, 0.0005149922314470921, -0.054075408254397626, 0.06673295919727004, 0.09492879258172002, -0.06850340303688482, -0.08075165573143676, -0.007897992903147657, -0.056635696314317065, -0.040187552762310084, -0.09068455424180465, 0.06385158385860956, 0.07030209841882185, -0.019982369519174214, 0.030752115988612133, -0.09720296431484994, -0.05453872517946116, -0.0887516705674402, -0.05167532400569114, -0.08180264308921592, 0.057419330888508584, 0.07539204088341962, 0.005768329856315643, -0.059153484940828886, -0.041774977188771566, 0.07943946577255773, 0.07531193461497152, 0.002575600568394067, 0.00033461080765425597, 0.049185760757304, 0.05891848962757251, -0.05793723977957161, 0.04876716798808043, 0.042136892183094875, 0.00020125262672001607, 0.025619445748352045, 0.056341302882472015, 0.03035565222439015, 0.002741570434652493, -0.07448975845675405, 0.0005981045453942465, 0.04191421474861265, -0.0005133515961802994, -0.06569545611374981, -0.024067553065610082, -0.06020747824260227, 0.08948612903625769, -0.05607879431441248, -0.05381445337447462, -0.09358241122913631, 0.021974367162472513, -0.030363913625629617, 0.07650146066100108, -0.0009532004906591166, 0.04298868023990391, 0.07109639257566772, -0.08785129902847984, 0.005355214047392777, 0.04992535196305813, -0.05998782601630388, -1.6035475682002978e-05, 0.054024022672567555, -0.06724918459846903, -0.00033177773926413564, -0.07244787360114852, 0.0054402628087029505, -0.006208026439088892, 0.0011364127356707503, 0.08537322689269987, -0.006629762985443292, 0.06754007702690352, -0.05783218843240395, 0.0007960148082448944, 0.06539299332498633, -2.768519017557864e-05, 0.00964633432147949, -0.04085972242666881, 0.013712733406683818, 0.09157761045569583, -0.07331398162645754, 0.015201730966914077, 5.820434057254878e-05, 0.01352034180381834, -0.05280397225799731, -0.005480966079337775, 0.0653115971118234, 0.03349538865689832, 0.05656954649571742, 0.05602600987516166, -0.08586265843963341, -0.03652065162915083, 0.06233138017564276, 0.08693189248478483, -0.04725118546587706, 0.006446057934506345, 0.07149264438138103, 0.036546898864441575, -0.022400676069193347, -0.05647541252104288, 0.03336780764736102, -0.03358934063067734, -0.10430821933227248, -0.03525344708728571, 0.03229420286249335, -0.03443454999623349, 0.009771616807925088, 0.058964433487162606, 0.019382796564340662, 0.06280567316504378, -0.033277959914189456, -0.010105215333298482, 0.06591279570637673, -0.03352608198207607, 0.05028177756294669, 0.06531967653275265, -0.03401093124170266, -0.10140333298934139, -0.04957485991118363, -0.017185725019743935, 0.09923452782714488, -0.05776252527189301, 0.04866130636056245, -0.048079435411027674, 0.052725845256206834, -0.08407442649390694, 0.09612437561823883, 0.01482827636432228, 0.07483659497660022, 0.08347359865919894, 0.08973222856237138, -0.053390597928786476, 0.04469767434044192, -0.09149148779393097, -0.0012511692718771344, 0.06774070630684552, 0.07027586052410512, 0.002838186630427094, -0.005277547881789174, -0.005058465369028451, 0.07634191024247809, -0.03917089980838062, -0.09896192883834665, -0.020989552400876, 0.07049517710164524, 0.0464653606920259, 0.07768583776666044, 0.08283783663312554, -0.03241774417638405, -0.08905079023617359, 0.06852297834784837, -0.06701539706976771, -0.08102890423760187, -0.06052236580972208, 0.03776423256320882, 0.05976526244434949, -0.08753215968961628, 4.578722050182331e-06, 0.039372678051842754, 0.0025608564711754774, 0.0689697477780664, 0.04152324467222382, -0.034169881531730895, 0.06468165146164162, -0.09773151382106364, -0.05207368121184873, 0.07144026958052681, 0.054167397150744014, 0.04863893764019606, 0.0002491465917716698, 0.04645132121527871, 0.08145481217491535, -0.046379316261389254, 0.040251191908896554, 0.094811546978766, -0.0800989707924168, 0.06494502424027024, -0.07610118695239343, -0.09005764705240857, -0.059525138024735656, 0.05123075428507955, 0.03973848740319131, -0.03522529848606324, -0.018625608465610132, -0.03463749849575962, 0.04404194670946643, 0.05956978503416234, 0.018731143949317276, 0.08654679754512068, 0.04570504391701267, -0.005126455610640821, 0.04754162861874301, -0.038211092522892724, 0.0598286501635391, 0.0021301943945766662, 0.012404058712271227, -0.009439225552168534, -0.10407519084879317, -0.002943685444741582, -0.05781624193080997, 0.05245026232427773, -0.029815379144703582, -0.03413021908009112, 0.001388770002538655, -0.10661026388819944, 0.061597832951511805, -0.0009221203796912519, 0.0017223201913108457, -0.09378909982713873, -0.04816950268046998, -0.06763002920579575, -0.06450895123306281, -0.001919549316330463, 0.05534873668986332, -0.0567263115383628, 0.09423874453790022, 0.0072310420315969655, -0.025654332702946838, -0.06716976800688244, 0.06694987665198736, 0.037646343737802325, -0.0014785781631546536, 0.05303607355526594, -0.004699613948871505, -0.022245267153184603, 0.0325687065546608, -0.06592470901748256, 0.040317654549605654, 0.03420510183317538, -0.07223559179589423, -0.012147987208299732, -0.09952659723516538, -0.03177647511350828, -0.004959699772961073, 0.03587250741658828, -7.920052436910379e-05, -0.08526002984330736, 0.0026624079421134657, 0.05860888107053817, 0.057125017296953004, -0.008324060570427904, -0.08297428684365889, -0.05062171831132231, -0.06604358234447223, 0.004452174253060565, 0.0017884826361595839, -0.008781580705353927, -0.06339971962191399, -0.0344290149454197, -0.015883459197076597, -0.06255664639755647, 0.0006994507015836251, -0.023205604790007245, -0.023457720117783614, -0.043288971783274496, 0.06012492085437456, -0.00895498167471091, 0.011440823708966028, 0.001275176847707333, 0.06854051329683446, -0.02685115367508832, -0.038139741514148943, -0.01841707905384104, 0.07585522872844291, -0.049787136873657115, 0.06646131066965089, -0.03920768416288373, 0.049468967611683644, 0.04314921606448096, -0.01596281226771249, 0.08240822741590076, 0.06741512215891844, -0.02773555042620714, 0.017138420476434397, -0.06688068614129285, -0.033143179284086215, -0.0462637377956011, -0.05007005847498061, -0.10298494510242148, 0.05126781386884635, 0.07299868476203039, 0.004026679560935695, -0.0035249116447115107, 0.0899162294097338, 0.007889618934072494, -0.09757478141466536, -0.08861063934694625, -0.00016926444521471636, -0.005480684698623838, -0.0011537320612401729, 0.028783149128755955, -0.054897823386631094, 0.06541943370992949, -0.03339681417126013, -0.006350562703808435, -0.029525902525124725, -0.031835230598038944, 0.04796811921947346, 0.08234431968212894, -0.00942876851740024, 0.05010961420160226, -0.0885107009098074, -0.07439811129837719, 0.021348831509830288, 0.045457033894905206, 0.0057408876215078435, -0.08126759341228836, 0.06801310672064764, -0.0019209437351282567, -0.018839486677201655, 0.05047596090412073, -0.062453664984310236, -0.07952639254482516, -0.062287155609022454, -0.06079510714957358, 0.029371118750757125, 0.034419306108619076, -0.09470618873418372, -0.021246864052881297, -0.051526325271370556, -0.0048761190875279995, 0.0464498358196147, 0.06545308938085916, -0.017409759051183235, 0.04951586453407994, -0.007075106392875075, -0.018855789428280714, 0.09033874512487675, -0.007875877863369341, -0.07832283252283406, 0.05434716572262495, 0.055272378286052457, 0.07186106564387357, 0.015795185814426113, -0.07811468778732412, -0.012611448819760318, 0.07290424706710874, -0.0004330027004813028, 0.07625244326206629, -0.07600703538262142, -0.093528342394958, -0.09509970134824378, 0.01428146135033328, 0.0002858121009243906, 0.00012695207683383438, -0.001228532459387698, -0.006309697507335391, -0.0029445192362324876, 0.05216043972322444, 0.068227062147105, -0.005619665369130913, -0.08376160366329462, -0.04191690259598081, 0.05011937735010835, -0.04763549777619962, 0.09410970191629046, -0.09093564580381021, -0.012735771656724777, 0.012508456188499167, -0.022052086672242052, -0.10737795192637795, 0.0019056450467927692, -0.08077985380446652, -0.007192533308528095, 0.08656378642993792, -0.019325685086357004, -0.060147328786776255, -0.090213195754759, -0.053762543081427985, -0.0749733389438948, 0.042615771335603396, -0.05539962796071388, 0.00115645443711542, 0.02841669438995712, -0.04590325301980736, -0.03851901677305094, -0.05298589223040201, 0.0617629465422467, 0.014704588493066282, -0.061912298832636624, 0.09140576942476109, -0.03271899127536993, 0.07363534384927059, -0.06516771111833056, -0.09462618489191646, 0.08702063812562257, 0.00014502330985304796, -0.06373582796704472, -0.009805307876998265, -0.05790373214849544, -0.05102469562766503, 0.06069165454274367, -0.05744583839763238, -0.0488803552578615, 0.07016403341509656, 0.01247895967144349, 0.054976698626545625, 0.07043858557760233, 0.011686357405648972, 0.07169291453880908, 0.005156058672150413, 0.0014356234026570603, 0.013351222732522565, 0.061725451306951104, -0.09255054724619216, 0.07399570076952937, -0.09871876011467774, -0.08050085289985011, 0.006655773814727646, -0.0009501147860389177, 0.003704770323407345, -0.04984071910091011, 0.04408450141702426, -0.005651008268899027, 0.05445936136987397, -0.003545362407717397, -0.004093217327886732, -0.017438654530386295, -0.00035299344682369367, 0.04579584997243083, -0.0634065096860985, -0.03351617440514699, -0.08126655459519337, -0.022978731410037943, -0.09277853418754368, -0.04244036998270583, -0.07243557100250024, -0.10733997047340153, -0.04227623040909227, 0.10270550086754934, -0.044407258158125906, -0.055315494031605204, 0.036926411603472535, 0.09836028314932947, -0.05799579228840719, -0.030269779766808218, 0.03745151349280651, -0.08730896661508679, 0.07118471338784173, -0.06467768533802007, -0.08883511284315673, -0.060569592192095865, 0.013622717723088344, -0.09586800780631333, -0.05245420881328113, -0.018399702495250227, 0.052728653182301174, -0.0014543453945823608, -0.10101099523463579, -0.01403691353675813, 0.045862301484690046, 0.08215262371596677, 0.016922137956570812, 0.05542082459683016, 0.04284180953195039, 0.08007853635429454, -0.021336615430521868, 0.0628723305136853, -0.015406016137308867, 0.04531639320140288, 0.03596058968875706, 0.06902543979747497, -0.07717699279781312, -0.0677026835049834, 0.012584378823545106, 0.053412023670632545, -0.03777966328795713, 0.054929127422003586, -0.062341046839746374, -0.007312542621834, -0.009295652480515903, -0.010843063924475082, 0.05769576530946163, -0.08744811589442457, -0.05017733286997297, -0.004460293139992501, 0.032700959823168396, 0.04996025860234414, -0.05376865225362688, 0.02828236029022695, -0.04932004224870267, -0.06374756021600898, 0.024563646959824388, 0.023565131706814527, -0.08956015978157221, -0.08234985510353839, -0.039012915475973096, -0.08998722323697307, -0.053502656868044014, -0.04979838696063051, -0.024732540877231656, -0.0688227425867581, -0.0040041298379533035, 0.06319081785304845, -0.07446891468503598, 0.07480765715355736, -0.01657461042960078, -0.09830283013662959, -0.011889087716922675, -0.020653912053856745, -0.0023709129602560676, 0.013976954625628668, -0.05510360944605436, -4.8892063975632015e-05, 0.057287821363340645, 0.032644424301107505, -0.05749844260731673, 0.06747694580222435, -0.054552863079953974, -0.10643316733687233, -7.837568555902406e-06, 0.05806985708285463, -0.08128123456070281, 0.07765807193931908, 0.08728546729121196, 0.06903776433802573, -0.050426363967120066, -0.042931794796865964, 0.09286079292039735, 0.035235723868344476, -0.008705045886843064, 0.09716373821843609, 0.022554960041728137, 0.0989665726715167, 0.05638429659529163, -0.006762936509136224, -0.08214342725826397, 0.06810282820045956, 0.0676517483255869, 0.021391093358004692, 0.0005907519463657679, -0.052941498344911554, 0.08172552854431665, -0.02993828841760954, -0.08233000954056771, 0.07333484542811775, 0.061353609286249784, -0.012095767101007016, 0.06650198188228625, 0.08598516217682456, -0.03400601904991621, -0.06603910630822489, 0.09257493660475975, 0.010507060998520484, -0.10354302482258045, 0.00014629216615780647, 0.05955093410961115, -0.06772095275867933, -0.07349792929420672, 0.0952234349966605, -0.0418956856191321, -0.057653119324286205, 0.060215633391148514, 0.07399861657396807, -0.059163028899089795, 0.08962735746520685, 0.014375771543206094, -0.06987160170167475, 0.027211346951021922, -0.08405120194530082, -0.0030630618313330486, -0.06292980551514182, -0.09537384027415419, -0.0636032792271941, -0.056606634324747156, -0.059328025806660946, -0.08770765894036064, -0.02369007801620275, -0.03565073226270719, 0.028718669886453323, -0.07431751093306371, -0.049519414507984194, -0.059394849198711894, -0.0956331176634525, -0.06530404691057771, -0.07779259776430682, -0.09674375164287267, -0.04293903226455904, -0.04615723814842008, 0.06444073136085722, -0.07702972587531352, -0.08270379025719053, -0.0005623074188855874, -0.025205364949196424, -0.000657955557328119, 0.06984803442636212, -0.08102699665873872, -0.04467650712824403, -0.05367871596902042, 0.033343944119115225, -0.04068413129954487, 0.05133224742916052, -0.009363709728764276, -0.042442828610624074, 0.05669131128740795, 0.03678427350449907, 0.0513073929364452, -0.005182018773214008, 0.009922181028078108, -0.06257142293527494, 0.03474721715647706, 0.06863701692288371, 0.022481802301339518, 0.03847032044576885, -0.0694730553853147, 0.06301345698930434, 0.004097864848340652, 0.06197368485528413, 0.09335864751245038, -0.053059727531475934, 0.0380611644603277, 0.04492912224507907, -0.08533060198136953, -0.06110236556264583, -0.07682456466106725, 0.05131386583412368, -0.07198312664066724, -0.10358051596719751, -0.04284671833891008, 0.03868037146149336, -0.012911265152465221, -0.0033955576402064777, -0.008836584307172053, -0.05027031132872537, 0.06011533732123003, 0.07330036355330156, 0.08063340148102463, -0.033218008349008454]

------------------------------------------------------------
Sender: LSF System <lsfadmin@c32n08>
Subject: Job 3505935: <python gr1-ly1-w2-hw8.py> in cluster <njucluster> Done

Job <python gr1-ly1-w2-hw8.py> was submitted from host <c01n01> by user <sjwu> in cluster <njucluster> at Tue Nov 24 17:44:47 2020
Job was executed on host(s) <24*c32n08>, in queue <mpi>, as user <sjwu> in cluster <njucluster> at Wed Nov 25 05:20:30 2020
</share/home/sjwu> was used as the home directory.
</share/home/sjwu/wlj/project/3-layers/grad-vanish> was used as the working directory.
Started at Wed Nov 25 05:20:30 2020
Terminated at Wed Nov 25 05:57:36 2020
Results reported at Wed Nov 25 05:57:36 2020

Your job looked like:

------------------------------------------------------------
# LSBATCH: User input
python gr1-ly1-w2-hw8.py
------------------------------------------------------------

Successfully completed.

Resource usage summary:

    CPU time :                                   52128.43 sec.
    Max Memory :                                 5691 MB
    Average Memory :                             5117.62 MB
    Total Requested Memory :                     -
    Delta Memory :                               -
    Max Swap :                                   -
    Max Processes :                              28
    Max Threads :                                607
    Run time :                                   2226 sec.
    Turnaround time :                            43969 sec.

The output (if any) is above this job summary.

