grad_list=[0.05100778303212254, -0.05647578068822245, -0.0726038929109743, 0.08912340608941399, -0.06065931459022077, 0.0705550215169278, 0.09534881192981587, -0.0026642689306171237, -0.07094296784836848, 0.0550108858977292, 0.002214950354077553, 0.05308938249706343, 0.015206736265500462, 0.08274500541082537, -0.02607293082550388, -0.06779252415243321, -0.0615869105098515, -0.07150534359374172, -0.0589869843681012, -0.07086778645630647, -0.019028608879075346, 0.027696450158172535, 0.0062645748192415775, 0.05451939186375628, 0.06683795644165075, 0.05846734360317758, -0.027955801709222124, -0.07753932617523211, -0.0960417329422061, -0.08316686165438389, 0.021128644324858142, 0.014919192553341796, 0.005076208339925252, 0.02705880084293976, -0.06491083410799828, -0.005570701526378622, 0.07557831919308541, -0.055930485839990086, -0.06962557030427019, -0.09897717891073722, -0.05847260600760971, 0.010655569415686897, 0.08680595719431392, 0.0133832904740302, -0.003857063658079495, -0.0015681455704280077, 0.01983740522362487, 0.08044554193923066, -0.07673195863119704, 0.07149434740776613, 0.0023968755373247924, -0.08144036917652184, 0.017768787098312085, -0.07617416644650232, 0.013029173207858707, -0.0460468155559077, -0.053368773459039544, 0.040120123770984194, -0.10532098796835898, 0.08626526151305848, -0.029756744688195565, 0.060473595357547774, 0.010558613590601345, 0.06007782933665928, -0.05759338850125963, -0.05826908735896127, 0.08532562735267002, -0.08486318836188236, -0.09305071920176412, 0.009750609805935439, 0.0003908126418561802, 0.0852191695873807, -0.05037741860559335, -0.04884816984116105, 0.08296536793460214, 0.039652842615337504, 0.059519678493056706, 0.019629492966685237, 0.07341880857004703, 0.031106166188970517, -0.052977581662244366, 0.06031603706320848, -0.001790756200313183, -0.031023522413984882, 0.0742058789997796, -0.02446617801385577, 0.004955301219891986, -0.07366432517208737, 0.05331175349255835, -0.021993117462529802, -0.0772699046966157, -0.07358818258317473, 0.0730856133110687, -0.06495719828356694, -0.012930899338844599, 0.07332709445430911, 0.005906889269985643, -0.00484106351858711, -0.048183878356622176, -0.0598472553752995, 0.05975405051705616, 0.07330325016766777, 0.06639409943060319, -0.012880520767237072, 0.04501111959665715, -0.034719131913026335, -0.00038436131508638326, 0.007702500731077267, -0.07621416096688327, 0.07686838180320657, -0.08280833806766079, 0.06740312505755278, -0.08646367692866301, 0.06572813612116646, 0.002480626847977733, 0.004477647028541216, 0.034317971998355075, 0.05908953135681479, 0.07863163136211555, -0.09597442754156262, 0.042029642610478056, 0.012910720823044189, -0.008077996750796844, 0.0007682221039047258, 0.03826392887413779, -0.09455920325684364, -0.05164655807824788, 0.022098341647445008, -0.05173753418262633, -0.009430477394797566, -0.05333943637700126, -0.06551658462418376, -0.06216712081880537, -0.07650911239393327, 0.08521124705651469, -0.05580220179648315, -0.0843560637274038, -0.06657017708527446, -0.012278255594344306, -0.060612948297125775, 0.014237239114984111, -0.06209847546483072, -0.05995169451960639, -0.10199443150132101, -0.04455987170026523, -0.01735018242807133, -0.05100428824422054, -0.07453435486027268, -0.07071538765011569, -0.07230915015768526, 0.0897329722067028, 0.06154639004537084, -0.05575727613469264, -0.011095380949991173, 0.06787647429629867, 0.01592037344768761, -0.08852325583294722, -0.05524221946076387, 0.02534789390200541, 0.06451091013681129, -0.009637858366549243, 0.1063590468540131, -0.04682238565761644, -0.03872009360117255, -0.0009653731304251243, 0.06226107907866596, 0.06885234001085883, 0.10688530551630004, 0.06041546437701439, -0.08273342956285336, 0.09115939333417088, -0.08314470268042422, -0.030422734062520693, 0.06031363368150678, 0.0742800574982799, -0.06879180105725366, 0.040385327208025124, -0.057259280114067355, 0.0046324007894104815, -0.08822552147193245, -0.07028351416100677, -0.0949091561902613, 0.03565916319271533, 0.031010456484918247, -0.06555819887358443, -0.016307752625925976, 0.08345363202070578, -0.07297975924600893, -0.057160697709434466, 0.06639741992216637, 0.047054240037626406, -0.07128801599188112, 0.0023581975482002797, 0.037703136994170945, -0.04719532897207468, -0.05445940689887255, -0.07903524719564636, -0.05555421489908976, 0.0584371180570974, -0.0009146553184598654, -0.022040299740403266, -0.0032193827867614275, 0.05620500051752503, 0.010825079535537786, 0.08638133200497188, -8.272407334936195e-06, 0.052539788670925035, 0.03732086506630416, 0.014185829364442857, -0.06297577522579943, 0.08512271107948259, -0.09870019198488358, 0.061123288491458386, 0.0817013907658644, -0.051189667330285106, 0.10229244743511663, 0.0468048948476632, 0.07424186345312207, -0.00237236895575422, 0.054741443417295615, 6.303005018439056e-05, -0.013539411754867106, -0.06360404381777501, -0.07565607767441035, -0.019458398489446773, -0.10419323129160739, -0.08691767019083749, -0.010151984784784124, -0.012191334284555957, -0.052519722076167355, 0.00016952046094832827, 0.09574901378542026, 0.03217283533528741, -0.014970433390879095, -0.049066441130488726, -0.07681370678099098, -0.03306587755631382, -0.05211039859958388, 0.0558449093466864, 0.034956397771183687, -0.0795180056315123, -0.040365843742548084, -0.023078007086435728, 0.007183152918121538, -0.0008734792668975686, 0.015011833457936502, 0.0909673895864655, 0.06656229345307611, 0.10213201871118753, -0.029980162608648598, -0.05135585278381293, -0.03399488895706668, -0.06530053475944697, -0.0646997858001375, 0.058319978288945314, 0.0491488297383788, -0.10301092682768749, -0.04134217767076297, -0.05567733315098355, 0.029985215204717162, -0.07964232674658962, -0.0029799639328367492, -0.0862310884244458, 0.10281793859004491, 0.0010571342037371937, 0.05690631122722443, -0.043509193502113866, -0.057520337401125554, -0.05880128245174357, 0.01616414893503194, 0.09779286826479991, -0.05456220237065803, -0.020520968063529533, -0.07214774876284209, -7.450711357901758e-05, 0.050209520176459445, -0.005889872039872412, 0.10467878698706652, -0.04025594970561425, -0.08932592029863289, 0.06848367942304821, -0.09806503507310904, -0.044497450402013965, -0.05109509970909236, 0.09945985099939539, -0.0582644143213773, 0.009151930688802849, -0.006838037928377157, 0.0036934110183406846, 0.059142597470239346, -0.056700378035975295, -0.06247405834306202, 0.059864624233105734, 0.02097044987329571, -0.055534722614709105, 0.03645979296031561, 0.0830164264228421, 0.03482844227032841, 0.06482774759192768, 0.05953772892171907, 0.037805797589952256, 0.04974399621861627, 0.0376786113862353, -0.0035224538953310927, -0.0327265011448344, 0.01607176822563339, 0.049891015108422455, -3.3555622597958424e-05, 0.0661112653601625, 0.09158932080824474, -0.08778144102978364, -0.0601688816781498, -0.031771001606133296, -0.10011814369949774, 0.07086276157051528, 0.10267222079411759, -0.061439019048794064, -0.08384296107945642, 0.09153067888909629, 0.06666350195370996, -0.0966758503050454, -0.025959943524698943, 0.08506883147157568, -0.009582225379292974, 0.011339744258465973, 0.0868806396056924, 0.09375163086792478, -0.07013475830780018, 0.024092541281591818, -0.04937636941443304, -0.051674494329145344, 0.03437309548202458, 0.01028946132009509, -0.030750561131140858, 0.04453174952121901, -0.052423679910256434, 0.06364003391244959, -0.024697470992321686, -0.09908617768902961, -0.05264824364410659, 0.03924640487041707, -0.016046557841531885, -0.049121978101103046, 0.002133963799472161, 0.08306388029251839, 0.09801857499257623, 0.014010531807393341, 0.056420841808954736, -0.000732977158716331, -0.0492003665077057, -0.049337297077230315, 0.0007508279271525274, -0.010750910650470727, -0.02937637694595356, -0.02922356821504697, -0.0032749685803588552, 0.031048117978856964, -0.10139657590167556, 0.005414571311521462, -2.6588326096815973e-05, 0.09122716271658282, -0.0666352209913161, -0.009704178379092043, -0.007732345977052511, 0.044092544371307156, 0.0028087258839052027, 0.07370067085858809, 0.07372280217401694, 0.015596843955291087, -0.09689336628188416, -0.021781902507978936, -0.06738904674418082, 0.020009255168510348, 0.04553006659779425, -0.0060680144816274316, 0.05649453828449992, 0.03518484772090791, -0.06802812883493269, -0.0073845413893753745, -0.06765398773266139, 0.0653918050794473, 0.049511471720288885, -0.047041356602709666, 0.0062550218132763225, -0.07382308776830729, 0.09899142447060177, -0.0041770488520013705, 0.03286923112361128, 0.0027500682220192867, 0.0027917279563869604, 0.03775438532721819, -0.02285640231667993, 0.08983650555034031, 0.05902058299673697, 0.051373793486196584, -0.014918076598869328, 0.0706307972271458, -0.025232914318196676, 0.0009672350541983987, -0.05314090118634046, 0.01787356868187407, -0.04707072179380227, 0.07208689697156025, -0.006767737025955586, -0.08134897088833581, 0.009413765274153718, 0.06522999558389309, 0.03833292643737996, 0.07316925337107313, 0.0210148927357427, 0.035317722760660246, 0.10463462571179838, 0.09404435799005484, -9.147055824407982e-05, -0.048061575458364765, -0.06357574172942479, -0.07734900685928917, 0.09203474997339693, -0.06686268105659617, -0.00920621707436641, 0.0793048626658123, 0.00048083267462717047, -0.05399246179119468, 0.06764246028182894, 0.043734748409548316, 0.03142670258799427, -0.07779121438381001, 0.051707307598813985, 0.047642836198613245, 0.07399633984956504, 1.6571807977671322e-07, 0.06765030963957075, -0.02385845954882596, -0.024344914626565232, 0.00011587053021410728, -0.08463907920300426, -0.059247565602677084, -0.07113392818817935, 0.0003304103761659101, -0.0010665895391104064, -0.0697617156531161, 0.06809248528822229, -0.1049754673054167, 0.04356181256281024, 0.033942628578484284, -0.07294056796408475, -0.02728711395759806, -0.017146095235860942, 0.024229044019102863, -0.05673401624988171, 0.030577861890130148, -0.029170237551571273, -0.10458053832788422, 0.024356329708706385, -0.00019272782565487809, 0.08620021231321558, -0.036851011004905836, 0.07439350198647056, 0.08356504197831606, 0.0587155369354064, -0.0005737589211937794, -0.05452233878610888, 0.003940369751191885, -0.07686038372172381, 0.060925378041622895, 0.10056059261841094, -0.07437905825244424, 0.0763926416529845, 0.0008138499974309837, -0.09854006417562676, -0.008982100404335249, -0.07210639381444661, 0.05634092089175313, 0.005703407175392901, -8.393869178305516e-05, 0.05686114491679214, 0.07584379309235954, -0.0010032267201162978, 0.03507905530290478, -0.005113546742119849, -0.03113065426337833, -0.0636303909876235, 0.08423254733709093, 0.08835153648537052, -0.06731687743889969, 0.008840230248734138, 0.07462965626567943, 0.011087718551293523, -0.059349375417747964, 0.012376998959462355, -0.010944969561035633, 0.05241884196311144, 0.07123565882418602, 0.06815201096405658, 0.06221657784451094, 0.07769298152831701, -0.09703975456488914, -0.04077077241356731, -0.07315099270486884, 0.02835401217837482, -0.020785318854749796, -0.0905841240692323, -0.008266826653520415, 0.03168538637386646, 0.05919052033289667, -0.04248348800445351, -0.07809813630408775, -0.004523768006108961, 0.00202852609819812, 0.029323761581606572, 0.022478996831153397, 0.07390205485361846, -0.0901183976491027, -0.0027620193868027245, -0.0885385338026089, -0.019762786277899187, -0.039354065116750735, 0.09291278648874579, 0.10133807232093245, 0.07776079122903959, 0.08532171580430359, 0.0598427961352852, 0.0004664433637699603, 0.09108042140226043, -0.06669026210594549, -0.0438885372994686, 0.049009222782651476, 0.04057976388400588, 0.07045177837560071, -0.09187964343603362, 0.045367607331272715, -0.0133087427129146, -0.06852640913136347, -0.007423748371819513, -0.09919556380992715, 0.011719249651151032, 0.09316645084706159, 0.06985156523197139, -0.057308731943488095, -0.06187621525589783, -0.05266764924257632, 0.002420553398421763, 0.03106034227812394, 0.07688830136908738, -0.09079920779282236, -0.06623974752782096, -0.0698237965798036, -0.07480242320959551, -0.0316485805322421, 0.0005056090264594293, -0.08139431576670947, 0.05747740719640921, -0.07490215708984958, 0.09433283708201397, -0.10463873992849156, 0.06637569395280703, 0.09103665967619154, 0.08631052405528532, -0.09151386397483367, -0.043661603491578174, -0.06048782883302648, -0.011621241639108451, 0.07699938445304251, -0.04852773516057049, -0.05890537896051241, 0.04265559218286157, -0.07540466879016763, -0.07806015175162473, 0.0856395685728471, -0.0299757773957601, 0.1007891426040064, -0.09626700383827677, -0.050858753927831804, 0.08976054370994561, -0.062235603563883815, -0.0032033072935861127, -0.04247514475256433, -0.07581669274820439, 0.05018505571340276, 0.007740833142682389, 0.08862590018020067, 0.013471509174851818, 0.08600918969343517, 0.039742940869667946, -0.023332617108158343, -0.08181283255922892, -0.05914255045162636, -0.055853681618922846, -0.04594525312609334, -0.03131789916675997, 0.03619793520210187, -0.05760684323320825, 0.05031856987827244, -2.9783176760878425e-05, -0.0683039637643447, 0.06274630290340222, 0.0737879875407835, 0.05103110109953007, 0.050548238936869334, -0.05244771531871411, -0.0008117582108971037, 0.005296957544418465, 0.05064974424465643, 0.0028660393924954917, -0.03997269772147004, -0.016604641596976766, 0.04674857239683993, 0.0037148359125274135, -0.0013634996696502046, 0.005282333415337268, 0.08941238216303864, -0.019649734178239668, 0.05455762689021907, 0.0844314109594336, -0.09476745096147225, -0.046086790000789406, -0.08909927988892467, -0.0658818156493289, 0.08151952179454604, -0.004790127679296634, -0.058878257232895546, 0.05850586294016638, -0.08554395892553086, 0.03309465693715036, -0.054321800707183815, 0.04870115573121424, 0.06692238582335813, -0.02664661774277946, 0.0368190493545588, 0.03659275530700951, 0.07971709818073401, 0.052716973288089275, -0.02867002504587498, 0.04490517154801541, 0.07121171681158406, 0.006545046091139598, -0.004030059470658975, -0.06600080910831174, -0.01716303823814509, -0.06422836576797888, -0.06307043888125234, -0.08672485721748364, 0.0017032251901209906, -0.04937437602181554, 0.08069684228035327, 0.06929460459167519, 0.02265093560102863, -0.012102402638281183, -0.0030924937634581756, 0.09922618770375491, 0.008710667069928294, -0.05040529993392926, -0.06865715095200331, -0.018416235956015402, -0.04429641984615024, 0.06677024414463469, 0.03374532828960162, 0.022372510423708643, 0.08005892952847322, -0.05302514052525538, 0.016188631082620062, -0.08751175416294531, 0.04714042064199, 0.05272517400977708, -0.06307295384165425, -0.10581100890923607, -0.10604275110518359, -0.05851609690942722, 0.05703466488528826, 0.012149974040241818, 0.045995404381205716, -0.001883330244279277, 0.0010978309727779152, 0.10339571361998803, -0.10751674117372087, -0.10168628692744232, -0.005709830184781262, 0.03145040018914178, 0.05601939758079754, 0.0657721725195442, -0.05570071621257094, -0.01008255503994426, -0.016665090907986096, -0.021790977306401567, -0.07913776095735843, 0.0624390956179128, -0.061838531220702785, 0.08352115142319012, 0.05396374613033668, 0.04045686282015737, 0.003630806716609568, 0.004653243130767108, -0.08278787821651112, -9.154716267370416e-06, 0.021645890718423145, -0.02384658833138818, 0.046458684204679836, -0.0768555054023252, 0.07735749862616977, -0.03407092132474563, -0.024362272293236092, -0.032337802992614795, 0.043050490038388775, 0.047426436626826926, -0.05127106723791305, 0.023120427497065933, 0.0010396681805333024, -0.0394054425182986, -0.07951481336316689, -0.04947366485610156, 0.05132475440234035, -0.04158290669472843, -0.0498982907995274, -0.012369383619486448, -0.04289844728098092, 0.010760906975070489, -0.0747881318897338, 0.01683417813638076, -0.0019696688332392193, -0.058647238749955345, 0.0006749186490008902, -0.06027399234418046, 0.0843974584802479, 0.015367049515847317, 0.05265266889757851, -0.0031234512947520368, -0.08473230504647425, 0.02563711041604255, -0.012902390676305464, -0.07975639652106803, -0.09701119130971425, -0.030386894279912993, 0.09017725251691193, -0.026777015079195304, -0.026366487017116927, 0.07617536827591345, 0.04828165375206659, -0.014615109484208586, -0.01841542797917507, 0.009849654069284912, 0.018687534908974054, 0.041249516564697164, -0.0728318382082757, 0.03972359694163294, 0.009292353169932118, 0.06506573242255566, -0.07114369211785963, -0.009382698776937393, 0.02501487715106233, -0.0921829875494703, 0.07898037029661908, -0.009616161809881544, 0.05462392503822827, 0.03429831755772397, 0.05275448643639877, -0.03759573480060149, -0.011823436943954704, 0.04495542401965999, -0.044966192245012984, 0.05121928217680028, 0.05078650459116959, 0.03986896408775284, -0.0023800043552110652, 0.06078524557650369, -0.013621028053663631, 0.06953194604870526, -0.04931210274190351, 0.049008701747207714, -0.09477123569668902, -0.05104259233552317, 0.06246151306849324, 0.09122533126557687, 0.0701033043940281, -0.061807362644931634, 0.06286312541425491, 0.017871228891849306, 0.03373007721841184, 0.002068716031752533, -0.10080212788813869, -0.014688567451914816, -0.07630316829968162, -0.09085673764632181, -0.04737328594570578, 0.0471478346013539, -0.07815263598901112, -0.00990397162300755, -0.01477565134863308, -0.008367621588645355, 0.00036472229748572366, 0.036993005941646714, 0.08541867097994905, 0.053423397544367625, 0.0009991491639833778, 0.10141849252140413, -0.00833006319290987, 0.005636835444551504, -0.05763677945523585, 0.08381047045530876, 0.01055363442805471, -0.01844848573751876, -0.10417125768434932, 0.0650144807596546, 0.05164076279054333, -0.049710712879245125, 0.028882213040567567, -0.00864489826202984, -0.026698203310483764, 0.019074946291005302, -0.0031748385372607052, 0.02649375800914551, 0.0990798864641846, 0.08910627417169277, -0.0054126768432941905, -0.05715761765002316, 0.01848313547738739, -0.0030806426818961352, -0.025372236233389328, -0.06103599515158866, 0.09137900471274499, 0.02377128555832182, 0.0026199021690563517, -0.07693113946073175, 0.0861253830137812, 0.07481155887132514, -0.05203035698986711, 0.051431034656628564, 0.026045223519839223, 0.00031848653460161015, 0.01526193729003658, -0.05944878172374063, -0.059146727744416976, -0.018833694549045835, 0.05744758640131792, -0.08481098956929307, 0.03657593694992991, 0.05638016137197559, 0.06309122093548163, 0.014011173897342423, 0.012694930723084334, 0.045675171612669714, -0.08737319595700282, -0.0015744725345708682, 0.10401232479173238, -0.05221811888403375, -0.09901494357085185, -0.08969355596021238, 0.04981895935286495, 0.0029525694228910806, -0.00658540427969441, -0.06948278104229856, -0.06796754713862224, 0.07188421430093427, -0.05599353074315883, 0.05867846440773097, 0.06636855829069799, -0.011301858962620025, 0.09812085512003309, 0.06130969999161171, -0.0015950987754723236, 0.10321366426514134, -0.050015547546691005, -0.07062734275799691, 0.08466963776241636, -0.0027833259532456956, -0.09991210761770467, 0.04719062254113763, -0.06820399715830643, -0.013536346575370234, 0.07395122840486701, 0.012186451580124418, -0.05777208465163669, 0.08439403329328916, -0.01688098480817413, 0.04260024027824239, -0.002246100445776554, -6.0910312606606404e-05, -0.023861137832290276, -0.061531203827030416, 0.017741412113857855, 0.0516529402634592, 0.058632962707387486, -0.04966966563260925, 0.06312732855205333, -1.1430169260770312e-05, -4.246692162231901e-06, -0.024221920541587047, -2.5197201497189644e-05, 0.011851770569221896, 0.05667539084421258, -0.06000795365244107, -0.0016894107925782735, 0.04706218517969235, 0.057889138677163506, -0.08659793026479587, 0.0563275423497158, 0.002456490001859163, 0.1043705156022933, -0.06534447633362317, -0.00010257136173505983, -0.010916110732265128, -0.05196702724959665, 0.09411253598590172, 0.06942710752094879, -1.1972738551968644e-07, -0.004741531034576791, 0.08285477121275074, 0.06974374584696882, -0.05322120101217579, -0.08585680493999236, -0.06297409448751319, 0.0862082019082456, 0.04859734930592979, 0.05100371773342111, -0.06642819631295499, -0.034762269333576255, -0.052652889283321555, -0.07279849820012585, -0.060119485184856394, 0.00036926763193646095, -0.012389077547295303, -0.05984256420467771, -0.019818080458055318, 0.1011526706273627, 0.06548614469141151, 0.04867427673871392, 0.0456261821379046, 0.04885684171776705, 0.07165370180422609, 0.05076740525433223, -0.0903457076253968, -0.04672773496089289, -0.0145441454988622, 0.05231657182309998, 0.020446035456353474, 0.08982986301998404, 0.0530503839651767, 0.010551839131674573, 0.06269404022546572, -0.07258690747815728, -0.0709423253617071, 0.08599445575680217, 0.05714516145213689, -0.008469345454031114, 0.06785503498308636, 0.05040132658195273, 0.08078534399599129, -0.0781775540570832, -0.05354679654989306, -0.041875738527191085, 0.058704090757570555, -0.04922291526822341, -0.003162320854347125, -0.006428771883540249, -0.015225198063144617, 0.024512417709585576, 0.027160324020990667, 0.03497356940726484, -0.0715155514688589, -0.010902056548132703, 0.0004308296821052156, -0.01596772664837439, -0.10749427545486301, -0.00584662758827886, -0.037296970621907864, -0.06082375131442416, -0.10086668663887592, 0.0518151083591572, -0.05438536870623976, -0.05621986919285515, -0.00584065526190119, 0.016520151232194608, -0.004140983617345239, -0.08518006819995717, -0.07308338045744427, 0.056563389789069725, -0.000256672624413478, -0.02262836844338405, -0.05148640589162122, 0.06668943074641494, 0.09626937202519664, -0.09656258754041622, -0.02117705282569829, 0.04556180580978548, 0.046796768791237266, 0.040531798883386476, 0.05638010576788952, -0.07638913990765214, 0.0022976053534330856, -0.009458476533619834, -0.06004476509721552, -0.07155637300523802, -0.027837153305485307, -0.030827909234865586, -0.0013075768084288323, -0.016704103437588286, -0.06032160110639087, -0.01771154766354236, 0.04386390338618131, 0.06161845050127358, -0.03784506529723247]

------------------------------------------------------------
Sender: LSF System <lsfadmin@c29n04>
Subject: Job 3505938: <python gr1-ly1-w2-hw14.py> in cluster <njucluster> Done

Job <python gr1-ly1-w2-hw14.py> was submitted from host <c01n01> by user <sjwu> in cluster <njucluster> at Tue Nov 24 17:44:59 2020
Job was executed on host(s) <24*c29n04>, in queue <mpi>, as user <sjwu> in cluster <njucluster> at Wed Nov 25 05:59:03 2020
</share/home/sjwu> was used as the home directory.
</share/home/sjwu/wlj/project/3-layers/grad-vanish> was used as the working directory.
Started at Wed Nov 25 05:59:03 2020
Terminated at Wed Nov 25 08:47:57 2020
Results reported at Wed Nov 25 08:47:57 2020

Your job looked like:

------------------------------------------------------------
# LSBATCH: User input
python gr1-ly1-w2-hw14.py
------------------------------------------------------------

Successfully completed.

Resource usage summary:

    CPU time :                                   238909.89 sec.
    Max Memory :                                 7993 MB
    Average Memory :                             7604.11 MB
    Total Requested Memory :                     -
    Delta Memory :                               -
    Max Swap :                                   -
    Max Processes :                              28
    Max Threads :                                607
    Run time :                                   10133 sec.
    Turnaround time :                            54178 sec.

The output (if any) is above this job summary.

