grad_list=[-0.0007105883222873925, 0.08547143799302954, -0.027869330384312437, 0.10364184817684698, -6.711563975555476e-05, 0.08310294627127969, 0.03125246904305925, 0.007369816508389238, 0.00908542845419016, -0.060003007803455924, -0.00035109915315542097, 0.07623489651572131, -0.0551072896838548, -0.04725030244444417, 0.00030463161565037734, 0.0667245339839027, -0.07385114928991543, 0.07707399558942762, -0.07706821949955162, 0.04716935562555341, 0.08235973191202517, 0.08496515191921009, -0.06107833120352399, -0.061135789249521934, -0.02997322855310663, 0.08650851991455359, -0.0269900191818087, 0.045618709371032844, 0.011544128081850286, -0.05036316539403628, 0.001598133488735441, -0.06286351461299933, -0.07924906370419765, 0.05308222307125519, -0.07859592257759283, 0.08373382345393252, 0.045247797023181685, 0.06888813732423325, 0.0011661115131005031, 0.018046812203368866, 0.04253217338743633, 0.050694276139543075, 0.04948745685421288, 0.03323939988452777, -0.0037996355320883773, -0.0874275087065998, -0.09284617181783243, 0.05337834600497137, 0.017144867042341253, 0.019288603952589536, -0.004995580841094988, -0.029193353896130928, -0.015737395716347864, -0.04051966151513614, 0.06198969231958142, -0.007806450147990412, -0.02314684295840938, 0.01731956497321142, -0.015301643543320155, 0.0928924251993664, -0.03164632872111224, -0.09077612324828349, 0.07422596743741156, -0.005722846919192145, 0.08908249227331766, 0.06614350977215615, 0.059797173179424214, 0.0359096087211377, -0.0012657824045375764, 0.011588752248713419, -0.0007859016949743493, -0.026703909636116428, 0.061735137786144846, -0.00036771444412241836, -0.00015817596957825108, -0.008057947752830849, -0.055423555936121, 0.10366898557735199, -0.016085159641666024, -0.06673163785530682, 0.010234816330182013, 0.05840381654975875, 0.049629857475969395, -0.09206527569768197, -0.07010200618589844, -0.0860226716264998, -0.07710908790058835, -0.06887493470897071, -0.08168050318495132, -0.051994483849500235, 0.04503715309498931, 0.008302103633232007, -0.02212591454570585, -0.0011785867620847552, 0.05621353510834659, -0.09595716442667794, 0.06996997613416417, -0.040098576597531486, 0.006780642619836271, 0.0064485580585088645, 0.03414567791732437, 0.019027006856908727, 0.010434603999265442, 0.06144386239638832, -0.06907592655951776, -0.09405566340026905, 0.0651886164306041, -0.01243929310457691, -0.04988310616224153, 0.06383360723324434, -0.08161418618043585, -0.07087431428034968, 0.00838103614707189, -0.005427280514018798, -0.07154118746536249, -0.04995309050689113, 0.06333080635772628, -0.012199162287520415, 0.03988506852948097, 0.06105598607133359, -0.07365434461595384, 0.08075915158720087, -0.046962385348854586, -0.08290584204832475, 0.08181314841248921, -0.10249693533218877, -0.04462973388588845, 0.018886767725432754, -4.553595527927189e-06, -0.07292618631540287, -0.04249102143133399, 0.034771813861087734, 0.061992288442806215, 0.0035693144555997264, 0.06716144676837461, -0.1008334986194678, -0.05138385759088583, -0.03891976554344463, 0.055108804803009045, -0.06265958876751931, 0.004413269466856819, -0.01784121581560571, -0.0886747305866752, 0.010282831382085389, -0.03280363243268637, -0.08893201470437723, 0.07071921605255253, -0.05694797437155482, 0.06691297733272288, -0.07148691202443197, -0.06367542205621465, 0.069408640260693, 0.002608839314783751, -0.03256751788375544, -0.02357329068902195, 0.04577796202664023, -0.051563458446479665, -0.04373841850873457, 0.06366574157166949, -0.02248768234558306, 0.030571799849988212, -0.07748554082114928, 0.056887116558887375, 0.07540358483540956, 0.04755482502566908, -0.06336880465248514, -0.08221385672146701, -0.07751366197047105, 0.07855353253882895, -0.020758576302974154, 0.03790050157541552, -0.057186649592500104, -0.000796543098875239, -0.004270910490743238, -0.09479149099377966, -0.036196649450224466, -0.0447353561147712, 0.018167766301750765, -0.05615359317635732, -0.09750578289096937, -0.00323347790067076, 0.06126283791340945, -0.010994583112743839, -0.02011397715803239, 0.06923982089090304, -0.04896299345312566, 0.08885375056863218, -0.0588956770839685, -0.08534734582562935, 0.0020629242291521064, 0.05894295569257654, 0.03537572703334899, 0.05094893640812512, 0.06273890147178048, 0.009278000844927402, 0.054648368297257985, 0.09880669077785365, 0.04284928907929666, -0.025093727352112932, 0.0538597145974672, 0.06971595673285051, 0.09459219187929167, 0.021400644394725173, -0.0021070745095541463, -0.042232685286180384, -0.07351484236243114, -0.05428365460822422, -0.018475994319207018, -0.10034484798197701, 0.030575514506007654, -0.00014697690520843064, 0.06885159173201467, 0.004214573633741101, 0.08420339645898091, -0.07370283287538609, -0.06733433333086054, 0.06782834591110669, 0.01800253065013149, 0.05967562508362976, 0.049224540458060725, 0.04296863743491371, -0.04861648175861668, -0.03192497205378236, 0.07975160628385018, 0.009437486734317602, -0.07351962767724975, -0.03650490898682756, 0.06679773856262006, 0.008669478401822136, 0.0009105846047644178, 0.016785060015801056, -0.05615159829883337, -0.05278708563744997, -0.03510998102578751, -0.01062617056000444, -0.01743455473305914, -0.07382468091760105, -0.0601813711317849, 0.06003437102589739, 0.03116631494101191, -0.04665361563075963, -0.07120076264480653, -0.055382038585608424, -0.09487752299665515, -0.07816275411924228, 0.04863200034388679, -0.07363763566032304, -0.023363005002007057, -0.05723311919273336, 0.08929638437651123, 0.05034350533963467, 0.09302801882474304, 0.04694413757239755, 0.0003944879972871579, 0.014020203451973861, 0.006212526242424325, 0.054173343985078365, 0.06476242564546368, 0.03247863274364171, -0.06525898497149821, -0.09220699943927911, 0.014081845798483074, 0.05050515764684051, 0.08671712492652599, 0.0959594608915476, 0.051741237509434206, -0.10302842701188247, 0.04679544825883662, 0.005971558238815381, 0.005359135446645821, 0.06241165089950402, 0.08092316540353112, 0.08665266738532285, -0.05707228189062635, -0.07670208272652303, -0.09578521220858245, 0.002039225450813375, 0.02131816435549046, 0.04974634770046304, -0.08053667062870881, 0.04914817827584519, 0.05738238640769897, -0.005382678544046553, 0.0580817202855616, 0.004654912312815311, -0.013509275305003846, -0.027024013272839497, -0.0013279005557696021, 0.000602012364179831, -0.09977795151544593, 0.011717658826855666, -0.024904675595139637, -0.1074689880870282, -0.0649167775905272, 0.10148922113306466, -0.0007260546096931001, 0.06646181216972413, -0.011851892561541958, 0.03712610427988404, 0.06898681764504859, 0.061630084974898726, -0.06851456821112274, -0.05965053583846551, 0.05529579452106942, -0.0008485850606751625, 0.06688579160706394, 0.00964925917065384, 0.0026302886539501654, 0.03274150185142381, 0.0007570327981824118, 0.07608427917125683, -0.03632012035010451, 0.09584137090948645, -0.08738378877269605, -0.05132014048912299, 0.0007155361193470131, 0.03322037499597761, -0.00022051522489469132, 0.006071110681107432, -0.04757006509710968, -0.023802869845603588, 0.09174679626073845, -0.05849070271837146, 0.052684527326350025, -0.00196694206179965, -0.1021134117469578, 0.004602646399632456, -0.031497706381236446, -0.04034633889094866, 0.04445386751026197, -0.012004834484720853, 0.09594942098988424, -0.011808370121110618, 0.0689567368848794, 0.01115503723328473, 0.09439332883162194, 0.09793067461557803, 0.02632878607020525, -0.0734837947116515, -0.004640157544289868, 0.06433169598824438, -0.06085925064306777, 0.06314282993671878, -0.002784878642322885, -0.031056939271773432, -0.09957129847773931, -0.03809494733726158, -0.018719723887649115, 0.06739418987568216, -0.0027680209241495147, -0.01984303593879893, -0.0005906103455354146, -0.04978973718290789, 0.032345417498220286, -0.09083850656994749, -0.0670641036645288, -0.07321632158392992, -0.06793979707472429, 0.08734663521787236, -0.06800090156853446, 0.014544640063328597, -0.052717586804974084, 0.03849957299596192, -0.08084028885087954, -0.05966327904651233, -0.055275806113229825, 0.06667260375227463, 0.08141492587466845, 0.07535294286840055, -0.00226022030202383, -0.03461459498197699, 0.046309943234177364, 0.0569808697394308, -0.049770931039843896, 0.07397646010769851, -0.012721839945376933, -0.061097705858995224, -0.06705419874008282, -0.03264016752110038, 0.06714536204197007, -0.0638024756786638, 0.0037638766107965633, 0.07024448578268545, -0.06535804110012851, 0.05169333341875687, 0.08462343507571568, -0.025916730562618947, 0.024401019738595153, 0.0272046057971787, -0.02254128604029092, -0.05617064734176698, 0.019449096264148376, -0.00025778026390694067, 0.05489018627220143, 0.051025194467195945, 0.0013897987507043394, 0.023634715852024403, 0.07478318138426576, -0.035464088247137704, -0.001972492624390568, -0.033037791350444136, -0.08417014602200153, -0.09709218958083522, 0.09289388548371755, -0.0767789627373426, -0.03621426352350101, 0.09545400468572898, 0.05630163460313471, 0.020595562185786988, -0.09857192211518576, -0.08258157284097767, -0.07805137232302473, 0.028401242962919546, 0.0503251743814733, -0.07064706060633223, 0.07585148771866804, -0.04938188950374876, -0.03264420735138555, 0.08035383983364774, -0.008462455064019391, -0.003196772037533347, -0.014278763281704129, -0.0014557473917494199, -0.0680686251842989, -0.05688086430329444, 0.07886592106912943, -0.05469761060569185, 0.09363721360009014, 0.03153440847889677, 0.10567934939205022, -0.001655584537700544, -0.06742316317313976, -0.09677708191238388, 0.04269434675961903, -0.10683682674797086, -0.055332038498773814, -0.09013708099708857, 7.484180342667116e-05, -0.014791599434666796, -0.02011846355121401, 0.0006212350624760337, 0.05650660515284443, -0.03737828466324378, 0.10350809266352762, 0.00530453276611865, -0.05876651682828484, 0.07231420298149363, 0.06611236272579912, -0.06349121639511665, 0.04704468422589256, 0.08104585888097002, -0.05502745586244581, 0.10515064171243367, -0.004994355630933125, -0.02471105626295633, -0.06667063991413497, -0.07308497099032568, 0.03691153389082271, -0.014329023618787328, -0.02423060628491732, -0.05272737943093643, 0.08162236472141246, 0.06801984889054868, 0.01380348741584294, -0.04018248403494476, -0.017695309159215696, 0.08595126693016422, 0.022078198923941868, 0.0680314510082767, 0.09723377705015894, 0.06714439284834743, -0.033606932126529016, 0.07282139873244, 0.0537360486928713, -0.03812930437723511, -0.0717390786791385, -0.07526229078827706, -0.06022473043327329, -0.05752254613004393, -0.05666491374652914, 0.037558643303204374, -0.009485145872081465, -0.07935121256409332, 0.0005247919742581008, -0.08028933505249154, 0.008343616399643521, -0.03775717223290167, 0.0728686825592649, -0.010011490106771725, -0.03362938865706749, 0.059315227144894116, -0.0015351911320730788, -0.08957886829434648, -0.0007104315462640734, 0.011008679023055511, 0.0556639142019305, -0.04610167452365508, -0.05109631946889512, 0.03416935387834383, -0.00021722115700338848, 0.08685130606201506, -0.056823061568260724, -0.0042802072645241945, 0.029039902482801725, 0.03510257447136905, -0.021114808948701082, 0.01124062909462046, -0.10018951374309636, -0.022188721260394777, 0.0823022826710339, 0.0021758663538687943, 0.024614428332526746, -0.0010426152315744705, -0.10093468986013435, -0.051971120796675256, 0.038781391448461704, 0.08716680032784868, 0.0529644843265987, 0.019275091925544913, -0.013008464850141784, -0.07414513757711721, -0.05800316096911924, -0.0036043737001583477, 0.008637936749163572, 0.01212483839941576, -0.05023347685899411, -0.001215201145240963, -0.08547047597510984, -0.09283114297999219, 0.05513791560581842, 0.09423852620856202, 0.06595787990304802, -0.07738592327627698, -0.05649674531720139, -0.05957965108172386, -0.02524016259868077, -0.005258512160573364, -4.130475149156732e-05, 0.012665199479068237, -0.10034892776288834, -0.023738490683834636, -0.04119401209296261, 0.09068785990932947, -0.08247649194415442, -0.008324204561924547, 0.07487498101526037, 0.06040305013084636, 0.05905300656652179, -0.08386843733859203, -0.05263845381470579, 0.06611790775300375, -0.05850717942368027, -0.06887304597096269, 0.01126300633038247, -0.022516261854155315, -0.06326842086159387, 0.024415865409812346, 0.06590467379381963, 0.03627889233491913, 0.0010277592491121346, -0.04453840288822721, 0.0036462946205823394, -0.008186784116561584, 0.0581509660584572, 0.07314018056111278, -0.04648527128976956, -0.0873814875248525, 0.04717794528332311, -0.006920664000805809, -0.046932361123793405, 0.03620862869383388, 0.011807107042688454, 0.030887436830286778, 0.09662975207293602, -3.672780860744936e-05, -0.04347341928167482, -0.06874373456298329, -0.07394712602385313, -0.07709333977989981, -0.0626743820374745, -0.05018639759402427, 0.04900081559810941, -0.046164516227958585, 0.07470006761825726, -0.013759891934795593, 0.0002127840493027454, 0.05507823457532814, -0.07336888571869032, 0.010427847640607798, 0.08113808253379214, -0.012595837072638331, 0.0010207113372918254, -0.0004718144165330096, 0.0791383527245394, 0.0488605950245816, 0.004917337961908089, 0.03050514285821393, -0.006516794170541352, -0.08933270147348181, 0.06379923021265956, 0.028912261495619162, -0.024207622972168382, 0.0028484317740551084, -0.028606148383663786, 0.09399951663927704, 0.062225249236777504, 0.03877060611523303, -0.0243215718809537, -0.06666662376034538, -0.06623170983498673, -0.024530435341819763, 0.04384537872342492, -0.07623334071002948, 0.017923844577712733, 0.07567260002258634, 0.10509477302143602, -0.018591047989895262, 0.00769700690199665, 0.06380301113423126, 0.058554948199971556, 0.04399163204459693, -0.07575013922885404, 0.0463035286886943, 0.03470856247869544, -0.0619988057631268, 0.011671640433486492, -0.02445192999139194, -0.002819138835597682, 0.07480223185986284, 0.0003131240621606601, -0.06531458697723976, 0.055498047672367455, -0.058068706907411775, 0.05956746946179244, 0.0625078733693412, 0.038982283215636446, 0.10527665933374439, -0.0660482331649398, 1.6133435905104123e-08, -0.05905046972318248, 0.05843095237461302, -0.023651234702225403, 9.807821058293804e-06, 0.06744161016291321, -0.020818159960388185, -0.08738789533642646, 0.039931248125761314, 0.0810072272154107, -0.0672412498965969, 0.08301403658463298, -0.00011953262843616016, 0.05680129768500106, -0.001499247711299381, -0.06726738980122587, 0.07914358832860302, -0.0014915648112616875, 0.05216491591990393, 0.003812682068029833, 0.016897382219702408, 0.071405271148353, 0.09462767389867077, -0.0012631679983981067, -0.006121784677494206, 0.04610057574573876, -0.04720022527370156, -0.04501688425616224, 0.059563439183214904, -0.09018704939283967, -0.00525229923535023, 0.08834283106228329, 0.08309226374241212, -0.013154673492085146, -0.0608970084805879, -0.05638568771967654, -0.0345479561024737, -0.06706635902691128, -0.033378508881939564, 0.04134883991713424, 0.0023885293249741872, 0.03677076141154927, 0.06300845080544341, 0.0011539489668767754, 0.061880178436768685, -0.03709712801394671, 0.0662888857456699, -0.014830772759345134, -0.00997397879065487, -0.057400618996231174, -0.0500169819754168, -0.06729454702757103, -0.06948305386510302, -0.05328562260485086, -0.020399838310798488, 0.044388775325258006, 0.0034074644494305304, -0.06007032659732505, 0.029583273445814642, -0.060746761839246786, -0.01906848611864804, 0.08281023985491516, 0.06067930494245671, -0.006827476974641621, -0.051401208609985635, -0.05903727331547771, -0.003280236413588518, 0.10187146672642433, 0.08705199935815164, -0.005450036222956119, 0.07932459471746565, -0.04435965269922066, 0.06352874146802319, -4.256300724539218e-05, -0.005762895366192119, -0.03323424417862103, -0.056439742932847946, 0.08269101675464853, 0.09463702132889225, 0.011443100048052105, 0.09397650056366202, 0.028961126697159178, -0.042280027611812175, 7.238868548227447e-06, 0.00450733960933374, -0.07350791631907057, 0.09283774369917314, 0.028548659142143062, 0.012951286225871272, 0.08323644163562015, -2.011577587507306e-06, -0.012446100861809068, 0.07575506991233015, -0.016038529348789823, 0.023932207825102986, -0.0044949507960018635, -0.046630083331693134, 0.04558791177822425, 0.10104417845194309, -0.06584052304679096, -0.0611524857017436, 0.06331375645224793, -0.005749424078096146, 0.06379798435423381, -0.0244453316583218, -0.07136488813422033, -0.003924642180314893, -0.03447489506207899, 0.00018234458080380243, -0.08100244871525586, -0.0884363530220561, 0.10177630943097538, 0.030265072603054784, -0.010639521697636484, 0.022265673944492078, 0.018636665369012144, -0.042049959967935396, 0.023998582420758297, 0.014639534939548738, -0.024970304630830283, -0.05810062054572357, -0.023041697905639476, -0.07398394686436059, 0.045829386298776295, -0.08332946903935425, 0.03243364597195942, 0.06400320775509148, -0.022734192444040187, 0.09642242501515151, 0.08114718305665715, 0.01617996934204292, -0.03707535433665629, 0.06385232686279525, 0.03331565041928436, -0.09046163529284783, 0.027056193326213274, -0.07095610537752092, -0.07065768088705542, 0.09058412671541799, -0.07983302182552471, 0.009720776522643073, -0.04998732679745392, -0.03754909535139553, 0.0509853274183817, -0.04307755811209473, -0.08390052765947183, -0.01896436165618599, 0.00061456844446577, -0.09092293390612602, -0.0005607047496411384, -0.04929383604672029, 0.0683140172448534, -0.06404483137280227, 0.05293303132879458, -0.07526154757169636, -0.006835648344067264, -0.05077477970419337, 0.042332494002809654, -0.015574000399394702, -0.01813852858304732, 0.06356998126581978, -0.06102212468550214, 0.002056302295447172, 0.07155403196105319, 0.056057668256940196, -0.06483143129042997, 0.04343668735745381, -0.04734297063388448, 0.008332052741332875, 0.09520639602982413, -0.014074751733119105, -0.05549661489855533, -0.08500808044193302, 0.03839906697410147, 0.0002858807630091219, 0.06310679392323992, 0.06380084138577902, 0.058983440985811264, -0.07211387614992132, -0.05050560614467625, 0.05373960378583323, -0.0012731612550466419, -0.036673438458632066, -0.07192223543081526, 0.01688183777730253, -0.048133793780665, 0.01153151106965798, 0.03888988887265596, 0.038112279885670355, 0.002113204458331396, 0.006198784019538476, -0.00041483127811064096, 0.10589215912534487, 0.06805412197511353, 0.003973948568113175, -0.09951956566207817, 0.03113436666586577, -0.07007810324184051, 4.610287257306668e-05, 0.051098869338487986, 0.03891579770634437, -0.0009144901424141224, -0.06517133911853863, 0.08872882531072104, -0.016278693764754163, 0.01581219243964959, -0.048209400744748714, 0.053254259671756794, 0.024547045840914695, -0.05564119249564461, 0.05215710573486782, -0.0903113748337511, -0.041736821700530474, -0.09901449037510869, -0.047707849423599936, -0.025473380572214283, -0.08878826488816323, 0.10367997297703721, 0.013338975818469845, -0.045411414435743355, 0.01760748106534232, -0.029675202670101323, 0.04274531170695862, -0.041995615973968746, 0.06017888485000823, 0.00794031439855241, -0.03006430918161592, -0.07996972823555004, -0.0028987455473981037, 0.06343431381738572, 0.07858298466144195, 0.05471825752126405, 0.10338162377318127, 0.02095653036667462, -0.09590886661029997, -0.04816529950029266, 0.05394729389420605, -0.07478676934847255, 0.05279859401559403, 0.06444458014537147, -0.050519937786107, -0.08363994035113138, 0.04623303576915763, 0.004802593314128176, -0.07031466571372327, 0.07236049000777696, -1.032356487840814e-07, -0.019339094462251252, 0.03498144983556295, -0.03345577293874983, 0.07844393946674946, -0.04912559311479971, -0.05139894867927926, -0.06886217499199143, 0.0328480691746891, -0.014259922387696244, -0.02296605021356401, -0.014135022725341596, 0.058248267773190754, -0.09576699788224308, 0.07988735913932259, -0.03743477174178042, 0.051634222287365, 0.05856185158901295, 0.05779082218366502, -0.06866351103317458, 0.03271821880444898, -0.060152832539223156, -0.09263211217730238, 0.04949557105064194, -0.10447708777421513, 0.0010745037811812478, 0.045967828439774615, 0.0006443885015094209, -0.10629857709025789, -0.06534938801081015, 0.0845152133036738, -0.051639753592363224, 0.10240090547688505, -0.05360644997484198, -0.08796348186818632, 0.10012772658990028, 0.0017543828351920458, 0.0593008218879823, -0.035911450935524745, 0.03433810950626311, 0.07865108488463231, -0.00277598153733902, 0.059603909999510846, -0.011204660786824116, -0.0026098110150682675, 0.03460712484672769, 0.0036324749600338494, -0.10676710002098956, -0.01041196115226336, 0.016203718585584656, 0.004356871176804576, 0.09739235208063529, 0.09644621712671393, 0.08156531957381173, 0.0967284091745341, 0.05961097775082975, 0.015048632178751135, -0.07201183994142318, 0.009330617111864043, -0.05602612751269959, 0.029277325518330486, -0.05468977160808384, 0.059733911527695034, 0.03891056879150854, -0.03669445916533637, -0.10062465911311107, 0.062383203214500416, 0.02333859768321186, 1.799675743953543e-06, -0.05881679102477553, -0.07381756048831493, 0.06327186370037823, -0.042111568726367184, 0.0792572908949242, 0.04145698266101381, -0.016931208281965072, -0.013677567743136864, -0.02653769945350708, -0.056021741612331845, -0.10655680207751156, 0.07873939386140187, -0.07022804951929651, 0.07719355159065346, 0.009091338292296585, -0.028531601774540477, -0.06759264121026334, 0.03846787489028032, -0.01978517833697428, 0.06783049042199704, -0.0006577692525188473, -0.0024365958015010922, -0.02348583043468513, -0.043533011332305346, -0.019094542525523662, -0.02216446651333485, -0.08806458237574226, 0.025734489190744326, -0.05743868091710993, -0.002093806928160592, 0.04561097461829321, -0.0642807974580972, 0.03782459239438702, 0.0616531111453979, -0.059701653453667985, -0.005479928239609876, 0.02524216292959863, 0.03840034021861225, -0.014282633934741145, 0.05253567081819742, 0.035102204410436995, 0.06271070672392787, -0.07777481732752561, -0.09892649917009404, 0.03508572606841186, -0.03338584315619274, 0.010311863200527537]

------------------------------------------------------------
Sender: LSF System <lsfadmin@c24n14>
Subject: Job 3505940: <python gr1-ly1-w2-hw18.py> in cluster <njucluster> Done

Job <python gr1-ly1-w2-hw18.py> was submitted from host <c01n01> by user <sjwu> in cluster <njucluster> at Tue Nov 24 17:45:18 2020
Job was executed on host(s) <24*c24n14>, in queue <mpi>, as user <sjwu> in cluster <njucluster> at Wed Nov 25 06:28:33 2020
</share/home/sjwu> was used as the home directory.
</share/home/sjwu/wlj/project/3-layers/grad-vanish> was used as the working directory.
Started at Wed Nov 25 06:28:33 2020
Terminated at Wed Nov 25 11:35:05 2020
Results reported at Wed Nov 25 11:35:05 2020

Your job looked like:

------------------------------------------------------------
# LSBATCH: User input
python gr1-ly1-w2-hw18.py
------------------------------------------------------------

Successfully completed.

Resource usage summary:

    CPU time :                                   436986.03 sec.
    Max Memory :                                 10597 MB
    Average Memory :                             10168.73 MB
    Total Requested Memory :                     -
    Delta Memory :                               -
    Max Swap :                                   17592186044415 MB
    Max Processes :                              28
    Max Threads :                                607
    Run time :                                   18391 sec.
    Turnaround time :                            64187 sec.

The output (if any) is above this job summary.

