grad_list=[0.08338386693508464, -0.02171294599081107, -0.029157385831452665, -0.04926005169799015, 0.09577995526583556, 0.06107273979158202, -0.08195866194105372, 0.08111413937770807, -0.09402329477204567, 0.0006988452632722032, 0.0877466673727014, 0.04436642045273572, 0.01187896260426596, -0.0013955437819691279, 0.043046271111772685, 0.0478694599123516, -0.04147962573154838, -0.025297174002209072, -0.007983658320399087, 0.054334562417910195, -0.06776247984304506, 0.06664357698486785, 0.043573553179672375, -0.0643143649166294, -0.10097417756271097, -0.029299825821343665, 0.07734195557756557, -0.06366468180687072, 0.06453020658534692, -0.06568164415152204, -0.07049756514986122, -0.05545984489051959, -0.025334303795154924, 0.07711979297467511, -0.05115545550553344, 0.06365157385148044, -0.02344433640593191, -0.05514059646696631, 0.0259178013749112, 0.03662022740142583, 0.002355052015178444, 0.007153047247724699, 0.10099008710025506, 0.0002545706012012725, -0.00048421970362314687, 0.05785679654791273, -0.053317060703879995, 0.10200070997836996, -0.0834280369939902, -0.009007506587908672, 0.06715076190876128, 0.047224034392106, -0.04772312393210744, -0.0014670776397805892, 0.04987370024246228, 0.05859021320322261, 0.05809174133536161, -0.05694994432835712, -0.08019803771030153, 0.019921386293809698, 0.09071132071549805, -0.061869196967508, 0.04522552400786545, 0.019976563131336958, -0.07173500732390352, -0.00055292577894233, 0.07440931392629332, 0.0937597795918834, 0.07222717886794046, -0.0550998043592466, 0.06534378295416575, 0.020154265125484242, -0.07188949334753528, 0.07539071736448177, 0.08383028491670194, -0.02719080980483962, 0.00014744983581156025, 0.0012438168211070632, 0.053391791626701844, -0.0683914930745392, -0.02974290637752708, -0.06165278579862585, 0.030326374051684635, -0.026333408375975448, 0.0541559289619921, 0.08383533094593527, 0.07901699977820459, 0.01778996869831123, -0.05432081942922764, 0.05217671411794551, -0.036330601595244816, 0.06458098335291294, -0.07244467435085175, -0.09573152869191963, -0.07900084837315044, 0.044308977145623964, -0.09917665381308396, -0.09847870564708903, 0.008094541937812004, -0.02783148236622808, 0.016871436761950586, 0.008740124948428817, 0.10111777178278483, 0.0006699357795279285, -0.10506714272875259, 0.04925624584720663, 0.011905509140768907, 0.07188536520239158, 0.027651772558925824, 0.039764057368257444, -0.03499568475752942, 0.051137675815203974, 0.020169611359198213, -0.0299447327489043, -0.00038164804282821374, -0.05328239364911448, -0.0005205093260234065, -0.06349874197541477, 0.06369673889235188, 0.06634812612697119, 0.08061629780835107, 0.06456488246044496, -0.06472641136332961, 0.04043010577407557, 2.188905211900908e-05, 0.07468598481051987, -0.07797368029103789, 0.08354660345853, -0.005407345890628619, -0.03534815714316763, 0.02831056818780897, -0.024710356241121185, 0.05014309589423433, -0.02842087980523329, 0.09571703990622518, -0.012701207489838997, -0.07357440411298674, 0.005667453470637451, -0.0674421377768038, 0.07447549824779191, -0.07823534589194105, 0.053159239948174106, -0.013716358339260923, -0.06734048706591525, -0.004061468140253401, -0.09060564576436407, 0.03198800777816153, 0.00831486174467433, 0.01644544515285713, -0.017178903196614602, 0.10688656997381397, -0.10389798894574352, -0.09743718642638949, 0.07066801871182748, -0.03434852579759066, -0.09032924627769905, 0.0003664492821730373, -0.03927737017538053, -0.02384107740368375, 0.07279974409799493, 0.014768407780419431, -0.03795013863993907, 0.024371706509769265, -0.07293868588681185, 0.04923900650790828, 0.0721761818624354, 0.061220373291927144, 0.0993377666149214, 0.07095324047232635, -0.050795687944970705, -0.08730674571353321, -0.008604926431379816, 0.05767665497071093, -0.06282413392981971, 0.022348344851092765, 0.0015845141525449244, 0.051273088202438664, 0.04603387680282306, 0.06305194471378249, -0.08407676190331594, -0.022873918320571094, -0.0012286883831838745, 0.0561192705525887, -0.009210790705053297, -0.10525959158305505, 0.0600800688850401, -0.06657239215324827, 0.02385501870888939, -0.08193157066119808, -0.0018474190488276725, 0.07735959032758731, 0.05354166203967521, 0.04845009218809242, -0.06000549682208909, -0.039065940460804596, -0.0652562925976015, 0.0015333737009391403, 0.10695541083626289, -0.015765439465818, -0.019668390561732058, -0.0789722062529979, -0.06333123312592515, -0.025055334219463165, -0.09636940511713306, -0.025161659518605498, 0.0028668960979363564, -0.044174759374978015, 0.057188578534258155, 0.06151171271093194, 0.0035151753561715794, -0.025128915960746203, 0.04533334725517952, -0.035722412005641656, -0.028234736577681274, 0.060217737780116756, -0.026814425534060344, 0.021513400851360682, 0.02146015197668889, 0.002359984848474031, 0.05468463777675909, -0.002294058109945071, -0.09261783474855179, 0.06613924177853557, -0.08739378589740218, 0.04970214519677125, -0.05517423400917566, -0.04655720644398776, -0.046398777764743805, -0.07934306850765971, -0.06312625652947186, 0.017788608777945344, 0.057127912651974484, -0.003013036735690983, -0.060688894855300914, 0.09685866357694865, 0.0011329222122704184, -0.028558108181391085, -0.023258526438548765, -0.0693863143682308, -0.040357602061775764, 0.0057406836776428315, -0.05280345659108793, 0.07773481153044536, 0.004055454408168053, 0.056624596054745006, -0.024029070450653417, 0.054685460923123215, 0.010309675650970606, 0.05774119546695157, -0.010316051222310616, -0.0031329913529587732, 0.045255686692346156, 0.01517077828241715, -0.022646140838778188, 0.03442405604089167, 0.02350892899176459, 0.07046327249285209, 0.0749966563779589, 0.0527356738221665, 0.0008056021739931296, -0.04999404990150156, -0.01413923379666935, 0.026929856686488368, 0.05205558926681055, 0.06499988233993136, -0.05339377422727259, -0.01534975214903238, 0.0405294440063063, -0.001989735966654245, 0.06893058442771145, 0.03797327819184746, -0.06525929306548801, 0.06777410597367144, 0.08054974408834949, 0.06932096928703922, 0.0636012890616168, -0.06900984710650045, 0.03524746886408573, 0.09563194638726671, 0.08033175468858325, -0.027061019330066095, -0.08183602211119365, 0.07883962650274967, 0.04493489192674074, -0.000124038069723327, 0.006409393241423272, 0.08044040544244267, 0.08388596444191651, 0.03789218759852686, -0.08442625533892578, -0.020127696149177247, -0.10114338193766988, 0.10425951771135436, -0.10734904577751798, 0.09535379245353894, 0.03709261329858136, 0.06860005931692174, -0.005646311656172206, 0.05725542924358237, 0.04937038492064084, 0.07774288305138101, -0.003932827310566052, 0.06522929255916905, 0.029940211144664046, -0.07609037915054002, -0.0636525781084532, 0.0538040052735306, -0.032211513029692405, -0.059277379296818714, -0.004894315560385491, 0.014740783386351751, 0.059437886187167166, -0.017585159319258865, -0.027748141952732282, -0.0034743905204520013, -0.03339482105143144, 0.09657917702571948, -0.023418012974211436, 0.07731368698653224, -0.0009467119586172298, -0.0847217479684894, -0.07437270605713836, -0.0567151549669487, 0.028952987324019255, 0.06367684732322043, -0.012380417181304521, 0.004960650001220083, 0.06604782170952828, -0.06371471313997105, -0.0444588744967426, 0.014465527535270015, -0.04753607914652933, -0.006231198130878915, 0.009919060008154287, 0.08119506324508938, 0.06566705830543323, 0.08754077697897858, -0.06457803083930398, 0.06205028412757985, 0.09358460409329551, -0.028749100312670358, 0.09165495042360565, -0.07176344340720539, 0.06403684917416338, 0.06592390115170757, 0.07863273114085337, -0.0886449099298527, 0.0642376057516575, 0.0824385349080896, -0.02481826579564583, -0.0969338883125671, -0.009091233597914417, 0.028229506096430056, -0.05327959040472847, -0.008007683191863433, 0.09251497481677506, 0.03190841951926732, 0.000982614759751673, -0.07321823945586166, -0.07146967162465022, 0.0315276572326573, -0.0764419538679915, -0.07765049413725034, 0.03586444479836143, -0.07186507252450813, -0.0014384880094434644, -0.024070133510718968, -0.0051441273572627845, -0.023546225954870707, -0.06121620557176612, 0.05162006345578601, 0.059363876790400165, 0.02255618591443177, -0.061640238246063545, 0.0015964268509964178, 0.05091184322269855, -0.052890326661919604, -0.042447619680449175, 0.10067173938769634, -0.0011660431529689251, 0.07252451772126828, -0.04657770573864093, -1.3496690517062569e-05, -0.01692172122802802, 0.045750420401714134, -0.07062830954627285, -0.068974990993666, -0.03810147677472371, -0.0959512308844435, -0.04347315001931847, -0.0367063946066155, 0.054603432318962156, 0.08550509082811827, -0.03178244488522244, 0.029950434873697168, 0.09565960087575681, -0.015223807056326399, 0.0012936063539119812, 0.05739826601780319, 0.03304386423317664, -0.08270023648012349, 0.08215848336865146, 8.595900370132151e-05, 0.032691322462184196, 0.08013575262932135, 0.040234740026665966, -0.10520348825852982, -0.08868551611968485, 0.08400884536881761, 0.015596505361816448, -0.024396220358598564, 0.06801995715813645, 0.07721355739285818, -0.03299594330573095, -0.10082251796424573, -0.027645173457537725, -0.016279207457676314, -0.002086615112863616, 0.04451465612629549, -0.062307804474449065, 0.07174008131338243, -0.05693700780205883, -0.013469183780697391, -0.011907920379065934, 0.0038144512114696057, -0.08097575423334859, 0.0924840855176105, -0.056443000492611736, 0.00577735992526737, 0.03325897060191776, -0.04417987411262513, 0.03814673930595534, -0.08252590440787513, 0.0947209007574329, -0.05715485701858628, -0.037599090622519704, 0.0031533112908469895, -0.0005964051974695065, 0.07396848063814361, 0.10217652039579113, -1.7277457684736022e-06, 0.039599010512353795, -0.05005952396045484, 0.04184821222671872, -0.0689063852508043, -0.08842944006224993, -0.06611574574446502, 0.09630612465791835, -0.046303781831051924, 0.053241962900606364, 0.034721726821743355, -0.040028480651769054, -0.05064860243729428, 0.06943127234408002, 0.04364429757828569, 0.018586559087800887, 0.036441937216908096, -0.03665148035397518, -0.0438679710215555, 0.10573680649152051, 0.05882550704490703, 0.047728950776063414, 0.04288002506906257, 0.02035381160618804, -0.07778882326082899, -0.10137560430434527, 0.04956774712501459, 0.05976717565763274, -0.09713363553505572, -0.0008494751538379947, -0.009964330474994747, -0.08517181740888256, 0.0766131511199656, -0.05590316807091181, -0.08750042190705988, 0.013179839611593174, 0.005426276157101746, 0.060380368913049286, 0.05567536072847429, -0.09910608075045974, -0.0988347771145794, -0.05276100936273598, -0.034852270065684976, -0.08901173772936354, -0.07244494836831623, -0.07100415742384805, -0.015477991564097775, -0.009513878740508118, -0.015694165749290584, -0.0850901764622046, 0.021015208536576565, 0.06427857716946653, -0.06127421404608354, 1.6610794105048112e-05, -0.1031872874943803, -0.006324173875928416, 0.032569215053777814, -0.00039043316769602306, 0.0684367570875255, -0.047413531665297354, -0.033076406713187755, 0.00012499553352326935, 0.016934037776193765, -0.10673040513383927, -0.00023772926815407276, -0.056806820226148115, 0.030139607899292997, 0.054750874842878425, 0.003133923214929241, -0.0004441077269491951, -0.010687885222451394, 0.10392442358354907, -0.05249766537800392, 0.01423504232900569, 0.008294079141862202, 0.0042295309974145386, 0.08488787235812087, 0.0957372690037996, 0.07001311701405011, -0.06180949547798261, -0.0863783598580294, -0.027956515592909525, -0.0071882306362866825, -0.010499754114581683, -0.08498652291035513, 0.0730059904448512, 0.03954546017013899, -0.10225846385640876, -0.06919291322769637, 0.009524563031160269, -0.07244308229668457, 0.0031643701302189083, 0.02243124883264257, -0.08176157175993629, 0.03551639784748277, -0.06526170392744786, 0.08441308907034926, 0.035443198604955206, -0.061514045975992845, 0.0006146339509149212, -0.01569674787271784, 0.005938695656661761, -0.014635857919315945, -0.057907929656834466, 0.009670727630717309, 0.08256610227075005, 0.00029279175725838613, -0.09890613087641353, 0.05049218459331683, -0.06225438972098787, 0.060854633179528175, -0.08082482737054639, -4.007644874428751e-05, -0.07343929500797321, 0.10631060490922274, 0.06875411734468609, -0.0830960800861939, 0.09259522096128024, 0.0710871648323206, 0.0018378359279745988, -0.01413503096285262, 0.08498536317623459, 0.07166387497835622, -0.02145181134362616, -0.03897893486885098, 0.023392100855863057, -0.0009542000869017755, -0.04160798788558476, 0.07698629501410875, -0.06319159033771758, 0.07391798289212614, -0.03754779242561222, 0.037944942568935075, -0.05844302036284203, 0.040272313460271686, -0.07911900843876292, -0.08552722312259098, -0.004089595216412069, 0.011160633937386309, -0.09571665632432369, -0.015168013675037464, 0.05027875526792251, 0.01089422860403907, -0.05708605079283485, -0.08825076950201594, 0.09559057553369081, 0.05406017719562007, -0.08605922703708983, 0.06771429122726609, 0.012193104887700148, 0.048896959478674694, -0.08305213891102003, -0.010339475953506795, -0.06433991115049964, -0.050232784577438426, 0.03478275479223522, 0.06699262781428537, 0.0010571153654157527, -0.0643988489835422, 0.022631187609767667, 0.06563690743499283, 0.07248040781441248, -0.047679016871289594, 0.0013833390231049666, -0.07521227188405039, -0.004834320208925779, 0.1035381900364784, 0.07105319879870599, 0.003927919637327095, 0.0005878654184116643, -0.06765097910978389, -0.023591158983512613, -0.09207902045186152, -0.02893123821858262, -0.05223224664003141, -0.07482368980380488, 0.07428198624792412, 0.08967028814544607, -0.041410014092629364, -0.049845796378955205, -0.05853600533385579, 0.029743383583237436, 0.0642357050792631, -0.006839516781924026, -0.0641302194733081, -0.02969822606367362, 0.04499203402557829, 0.0016302922255305437, 0.06854880763524952, 0.05786450862617964, 0.05460068366260376, 0.0014090157860212496, 0.02081735190988734, -0.045917102523894415, -0.05101823072412874, 0.007391106272725827, -0.02426456514408884, -0.037752856773248106, 0.015720257663403115, -0.05217700425705667, 0.02431066682468311, 0.08101488544426022, -0.027065025445302936, 0.08489503405568545, 0.05688741292663739, 0.014534465904407302, -0.006621268850917709, 0.09130492899409058, 0.039609784633806266, -0.06595849727587448, 0.016092525942864967, 0.08058344574002328, -0.053902776813676216, -0.04985086402202712, 0.08636985004314833, -0.024245780534075407, 0.03500612471295357, -0.07140253644386535, -0.07570101533266801, 0.0805939268513005, -0.06949464422134914, 0.03395709148420201, 0.05243201102178809, -0.06528402976699152, 0.019120090000765963, -0.09321093006816687, -0.07248635123757727, 0.0008948859321748298, -0.05905467181783904, 0.04333849166402065, -0.05145787900728732, -0.05767816702821326, 0.0014217193081888433, 0.05172222255108592, 0.102757483788593, 0.06027461269456697, -0.060697537826461416, -0.04887514398590306, -0.06146112889845202, 0.07202856113010897, -0.10000093315642307, 0.09598123231766936, -0.04024909797211513, 0.05767750183523898, -0.060188965611013175, 0.000424585008887231, -0.004063025741397961, 0.06143194788374892, 0.055435504202240984, 0.07518358112149222, -0.08868747938495171, 0.09920089995188461, 0.09405323510876328, -0.017269521631772224, 0.09203101876999013, 0.06757478420459362, 0.08595666738531856, -0.09137069327395, 0.004920172699326744, 0.05491493932671046, 0.008605953996837489, 0.0986821870325447, -0.07873899404740692, 0.06549369795629481, 0.04653686953921708, 0.08031668057457626, -0.04581377219866732, 0.0013801797678621812, -0.07327722769969991, 0.09428955232814122, 0.019677839295205734, 0.07505977291575242, 0.06828009582442443, 0.07891118193031207, 0.011819922440202019, 0.039084000605559346, 0.05865563252192795, 6.809360684836576e-05, 0.04070391944084165, 0.07404873672210033, 0.053350458909279565, 0.00221514516234038, -0.10108331381178863, -0.00042795374619080664, -0.06457832420099996, 0.0067887161785626345, 0.061379893279692524, -8.325607005680967e-05, -0.06870163506046678, 0.0003039117173273729, 0.08424400248770851, -0.08727166775412777, -0.01059224344833965, -0.049259167590899, -0.05341798898915532, -0.06446055704914973, 0.05922670374465115, -0.08255125225096191, -0.0807182323829354, -0.01685217476550428, -0.09684967129813934, -0.05492922979088231, 0.08351062292744689, -0.04301541400963152, 0.022587240215725612, -0.07487533733214664, -0.016063904110321322, -0.044826316609079535, 0.027046813005720715, -0.05542526211202723, -0.040195909758536756, -0.0332146420656201, 0.09987016319406768, 0.0030650096743718215, 0.07819298328652599, -0.03782961837586634, 0.05147807284156217, -0.014143665887322696, 0.03372151484666438, -0.016300890487904562, 0.09881770761268999, 7.051973929119914e-06, -0.023205314868460822, -0.0589772934143238, 0.0819027841063197, -0.05585917024002016, 0.01989316576080158, -0.0011608550250453106, -0.01462235196027021, 0.0708158365822823, -0.07670085477580231, 0.002385888022346443, -0.007339559548731919, 0.038986084187133285, 0.02772014842288444, 0.017888999079564986, 0.004105954085082081, 0.023570282791668486, -0.0820394111983386, 0.011869897335546945, -0.08659136684815222, 0.07796883432084604, 0.001133841143293081, -0.00016347205646331542, 0.01925914417199164, -0.08978074048744834, 0.06260253109272305, 0.003469029901074631, 0.043292939679950036, 0.023222784934843334, -0.06540596912338854, -0.04562003152282347, 0.1024767196513973, -0.06282971797635163, 0.020622247561917034, 0.09939884804805117, -0.05172014089953767, 0.06040992127042704, -0.05213792007689631, 6.269558243805762e-05, -0.055222133611279034, -0.06954146827044651, 0.09325819601812296, 0.09338467119584272, -0.06553703508772352, 0.040020501677094665, -0.02085528861137644, -0.10016546484980014, 0.021235272589358475, 0.0365254173931427, -0.001214948523494896, 0.05067542861909165, 0.09378130300417281, 0.0622153986741026, -0.019556813205622848, -0.007423363545400282, 0.05140422641054281, 0.07000738100707782, -0.013307580458688757, -0.05753924353306557, 0.047223516543300884, 0.032185974938393855, -0.017462464545569833, 0.031131326026674514, -0.060639530918999145, 0.002616278910925223, -0.02014834222093584, -0.07330264124440138, 0.07967042861215295, -0.03835751092314272, -0.06353623876516419, -0.0776840978939573, 0.03226526112105092, -0.10459230539862033, 0.06966922872103909, 0.05211814993846925, -0.010283219143400954, 0.04830814783654052, 0.05007618350241076, 0.02338814159378116, -0.07980401306500247, -0.07004896309681664, 0.008487292969461655, 0.0025219942505628535, 0.07606795432410492, 0.06723569112245066, 0.016784424428514567, 0.0034913319331297855, 0.005071943074865973, 0.015227666584529807, -9.595594487091286e-05, 0.031282093529722346, 0.045091251447456134, 0.06017842322830607, -0.0787970160156395, 0.09268974473285596, -0.0034531200045060414, -0.08477677763781548, -0.0604841138062667, 0.08875155973750713, -0.02465641880797666, -0.09323756414425625, 0.0016034845054969144, -0.051192459260219814, -0.025494192561909698, 0.0018310810717680236, 0.06045189607407118, -0.054808212891683854, -0.05256369412488561, 0.06956790093837753, 0.05306693880401708, -0.042664737752015645, -0.04643399370109629, 0.06655455089051047, -0.06834786507026559, -0.08592900987772634, -0.08775164694601065, -0.06176227082845748, 0.05462060285701859, -0.03329776231514044, -0.013559917805170027, -0.04172329810103802, 0.01801047693964632, -0.05376797419982313, -0.045226893581417515, -0.06923888413873638, 0.0619606070702743, -0.00018802437540936957, 0.07395448657875903, -0.06214671730978016, -0.04761608884399756, 0.059808732193045694, 0.022709839980211092, -0.009921056392156253, 0.06639202807943216, -0.07734440202087035, -0.04946369557866904, 0.05862877084403625, -0.05086286131631255, 0.054739249841414116, 0.0017791329904109268, -0.009927893018174991, 0.06307942971274015, -0.0849035934509323, -0.0010072430722854078, -0.02973853242477112, -0.013749585237054704, 0.079223431854534, 0.04591912268515517, -0.058497925475813325, 0.09905454830140008, -0.015619194899128894, -0.08990605115121024, -0.011006975726687351, -0.05658767030465681, 0.006762730223948192, -0.0726320573971855, -0.008725910382549305, 0.09505049515669549, -0.057051364921650194, -0.0044725490109827236, 0.067374679767001, -0.051983234886529284, 0.0037188333065717714, -0.10611052152133667, -0.09830904184461806, -0.07255936074986707, 0.09155401968513699, 0.0770727819738666, 0.0811760283614579, 0.03735024424120581, -0.030989729597668547, -0.09284147084205259, 0.014594479489547016, -0.009977379464738163, -0.06727295831027454, -0.008150333302812564, -0.0164427000743988, -0.06981868919049687, 0.09195605096211616, 0.01357458846659785, 0.03534551762748491, 0.08669923398191885, -0.04726844195606684, 0.004139776849671856, 0.017907463553474706, -0.046433535022980386, 0.05986935326523546, 0.03566524820586715, 0.021082808279321633, -0.022592216885248442, -0.07863760003698438, 0.03145994658420981, -0.035745297965588764, 0.08891201000862088, 0.02614186660220342, 0.039777205874158804, 0.000485434037862838, -0.05014405031999047, -0.056794896695929076, 0.000754510326476988, 0.07167542533235358, -0.00790653727798891, -0.07211968633688277, 0.0009313913645411843, 0.06950691130738322, 0.06378290022879178, -0.07507393427981975, -0.04755439655844472, -0.04412346611566067, -0.0006675627501207388, -0.02955169046622541, 0.0363104187327894, 0.07974333728532416, -0.05549372444515031, -6.11779860816255e-06, 0.005549681257719858, 0.07863414572485626, 0.01162962511663677, -0.02518514371650171, 0.006154207243046686, 0.08091736839782841, -0.0936871432827866, 0.044464867025217736, -0.06438448647731328, -0.0649896651512865, 0.0006002620446648398, 0.08267229843043339, -0.04016589952336274, 0.022098369237933197, 0.06681145091595621, 0.006902800682593507, -0.05458299674170976, -0.0007627764845775485, -0.07607862423312932, -0.0005738662109237816, -0.03452161135618971, -0.07070085652252588, -0.001649958652117381, -0.03550397719018276]

------------------------------------------------------------
Sender: LSF System <lsfadmin@c19n10>
Subject: Job 3505939: <python gr1-ly1-w2-hw16.py> in cluster <njucluster> Done

Job <python gr1-ly1-w2-hw16.py> was submitted from host <c01n01> by user <sjwu> in cluster <njucluster> at Tue Nov 24 17:45:15 2020
Job was executed on host(s) <24*c19n10>, in queue <mpi>, as user <sjwu> in cluster <njucluster> at Wed Nov 25 06:00:30 2020
</share/home/sjwu> was used as the home directory.
</share/home/sjwu/wlj/project/3-layers/grad-vanish> was used as the working directory.
Started at Wed Nov 25 06:00:30 2020
Terminated at Wed Nov 25 09:43:07 2020
Results reported at Wed Nov 25 09:43:07 2020

Your job looked like:

------------------------------------------------------------
# LSBATCH: User input
python gr1-ly1-w2-hw16.py
------------------------------------------------------------

Successfully completed.

Resource usage summary:

    CPU time :                                   315072.28 sec.
    Max Memory :                                 8952 MB
    Average Memory :                             8531.87 MB
    Total Requested Memory :                     -
    Delta Memory :                               -
    Max Swap :                                   -
    Max Processes :                              28
    Max Threads :                                607
    Run time :                                   13356 sec.
    Turnaround time :                            57472 sec.

The output (if any) is above this job summary.

