grad_list=[-0.017634883873102226, 0.05258736593250784, -0.059570319833241535, -0.10651741859609483, 0.03633512333925426, -0.06411588430159558, 0.06421595225565996, 0.06303652385082188, 0.08379856054483317, 0.10038542897791862, -0.004757484658941181, -0.024726912582701238, -0.07809481019184664, -0.030674528126018504, -0.049389505282443846, -0.013420803873902291, -0.02540334762145198, 0.08822258154160341, 0.07259973055395262, -0.001151041600132954, -0.027642310136592053, -0.030456609188344627, 0.054991939329044136, -0.07966518278566341, 0.09425853530278243, 0.06989942689621452, -0.04017925455962828, 0.003961066357041299, -0.05593848732208217, 0.07284392021811117, -0.04464529838919279, 0.01814483096181743, -0.010279818684410785, -0.046624842211642904, -0.04965129556834024, 0.07560963148993381, 0.09803585357377666, -0.048622982652269574, 0.06093616056719829, -0.03704045842328419, -0.01821203090746475, 0.045427811115969684, -0.0887657591505442, 0.03868437052473731, 0.0669075976377797, 0.08174792407117984, 0.03291658776886628, 0.0003233549773813416, 0.0015802553946540777, -0.0665838602460436, 0.08103595103627312, -0.006341331928059142, 0.021131711769045432, -0.010769524394829581, -0.025262698805071353, -0.0943675317532746, 0.08821658089192981, 0.016241915565875904, -0.0413640883772787, 0.07609755948609676, -0.09745592627569988, 0.04488471688098121, -0.0026167603085619218, 0.07576973214219748, -0.10607526737648838, 0.026147305594224953, -0.10537159814799966, -0.06581535634914709, -0.07166130441063993, 0.025021817418945828, -0.002618324421478257, 0.10357614140505678, -0.01399713391034857, -0.09767064843612967, -7.05487075743861e-05, 0.0023648884965876034, -0.016041702918186695, -0.08296366091624514, 0.09320512968409585, 0.0020805419600995975, 0.07718033062744886, -0.07585466103549476, -0.06279691725329138, -0.011554830205756195, -0.012573022189498021, -4.879000463571991e-06, 0.038729744584678, 0.027830607063395713, -0.06780415594276239, -0.018661897734481098, 0.09232719757416681, 0.02542493998931623, -0.0757777315478894, 0.06626179541280777, 0.05359069969513155, -0.07038891284354104, -0.05765496885951644, -0.07424609282658841, 0.0288560503841873, 0.06676407471416775, 0.007825916682405735, -0.02536065202849824, -0.013786061805033018, -0.05848503829153728, -0.04976719400157717, -0.06188340379238185, -0.05063839209159132, 0.005532578207126808, 0.06758915345212693, -0.0016185367928601602, 0.05552390724627911, -0.035578569967806846, -0.025132465237781808, -0.06592873376954242, 0.05335830817232501, 0.07639108076945678, -0.08226031391504555, -0.05283508920232788, -0.007719544096781187, 0.08873944664555701, 0.07275323016945122, -0.07149596549445303, -0.09141969682097961, -0.05620229047242881, 0.09088419196205443, -0.04737878121128398, 0.07428424371939489, -0.00131897338876288, -0.015349900853272138, -0.05376848459618682, -0.010307865776477854, -0.052616365541394684, -0.0036863288075427575, 0.04675727618504355, 0.062140521491049996, -0.06322711934240097, -0.0014341441899910316, -0.04746063970448268, -0.01077136725958019, -0.0008415702118675896, -0.0011446394443328193, 0.0535434630460899, 0.04429101587119557, 0.010340559326921902, 0.04699038146612858, 0.08182862368040633, -0.03940891676074034, 0.041125627145611354, -0.0007714292788095417, -0.0022092739451635237, 0.04161573580827838, -0.0020417139620941796, -0.05063770869023426, 0.020174897224756815, -0.005110506236104352, 0.09175358836749976, 0.09199846892998219, -0.0028185971037266526, -0.028428946363725838, 0.08098255731765425, -0.08093045402415176, -0.027794307464567698, -0.034398272809309356, -0.07133473638325907, 0.08199504206528599, 0.05629409191662848, 0.06141865808268891, 0.07317404916266718, 0.08302500091530676, 0.0007723029112772804, 0.052865506576330226, 0.05293901893539882, -0.05027034148559829, 0.058625620835572156, -0.06573085708060082, -0.049684153148525326, -0.055111613369811824, -0.07065370186297468, 0.08453837220643966, 0.0017746125201272285, -0.0006921442011187696, 0.07891828347193229, 0.09716164006972819, 0.017588315448774646, -0.002099880617615536, 0.07347013683662075, -0.06318147848473778, -0.006685374429824455, 0.005835845265485275, 0.06330803423889161, 0.026146591445667527, 0.0006357307143762788, -0.06289402751763948, -0.060321366367835146, -0.06567880779385378, -0.055652033566127225, 0.009080087255271289, 0.04121105887241341, -0.07833298017631402, 0.09298376056848842, 0.08709658887619956, 0.1030557332393394, 0.06899635409759926, -0.022033203932870487, -0.014856119128689603, 0.09654886894286935, -0.007018351765939794, 0.007665837086625476, 0.07257584485332258, -0.09607808708626557, -0.05586160597069103, -0.08385510055984254, -0.022536713623308675, 0.020508470347579136, 0.09664625955932352, -0.007295230981756373, -0.0963945240385356, 0.000295990267779613, 0.08626154424271563, -0.0970886424477528, -0.008551100512453119, -0.05526949597829508, -0.07119642733154964, 0.05923312905548586, 0.0148658877909664, -0.04308331402423966, -0.0627435443981858, 0.08396420256864996, 0.052295335690051535, 0.07525569109070629, -0.0018141676392252086, -0.021190211137801077, -0.05619137109028578, -0.06510235527942, -0.0973174455922755, -0.013573377740470575, -0.07746505462871307, 0.07561382288048746, 0.06945856583022662, -0.024938698091469938, -0.03283074366034021, -0.06253441204524196, -0.06506931050019814, -0.012092754503139012, 0.03939286570236614, 0.038231797152447976, 0.09670113705877798, -0.06472970037819147, -0.09266328961068651, 0.055227659268429076, 0.07163579818866918, 0.044833658980932035, 0.059322098647408526, -0.07643609422718341, -0.07490553850178946, -0.057077367383570346, -0.006667331493652953, 0.09649712845398481, -0.08663508660003882, -0.049082691526640417, -0.019206531078908563, -0.09660199362841418, -0.09924693239854648, 0.07720383687894324, -0.0639772386248264, 0.019630616545280227, -0.024289736161682382, 0.053152013546157895, 0.007261587435593943, -0.06946790902373763, 0.0804293321977644, 0.07877058613686468, -0.00214945194411029, -0.08225733034060805, -0.08116099377191005, -0.07138707934869937, -0.08890965906820489, -0.08931512378783187, -0.046463114440095626, 0.009983056226362613, -0.09863783816295082, 0.06559619137491368, -0.07535187544741, 0.06282682983784312, -0.017032968594206273, 0.0929593774530624, -0.011247621157718202, -0.06916753291237461, 0.006625936966919609, -0.08018300096519262, 0.10074949202339181, -0.017104443471680584, -0.02116673756656418, 0.08200424666597254, -0.05004662679185373, 0.060048895569583614, 0.0025485273573421664, 0.05245332116706456, -0.07580912607265371, -0.02639709111362407, -0.01933880425890851, -0.08873567518744654, -0.07642917379920214, 0.05483312024763091, -0.06760928967511795, 0.09021185998305514, 0.011317765008049083, -0.055061188718569465, -0.005128946998650656, -0.06794279349504447, -0.03213332421358796, -0.018860485992567858, 0.0012351058000471347, 0.10339105590999827, 0.04085664912441341, -0.06002548598475199, -0.08356498664766787, -0.041219914978953213, 0.06730541643833111, 0.09829062036603431, -0.07191841690474579, 0.053640076795238724, -0.06253189524643483, -0.05058893908429013, -0.060834034985462804, 0.07324137814061507, 0.03674679529897893, -0.041239453739352915, -0.006255728710358942, 0.06799670680916112, -0.033512251733624245, 0.00515811284162307, 0.07568618450679107, 0.0568806938976833, -0.0811609539326243, 0.07645182552899356, 0.0948251679006726, 0.08014825441358676, -0.1017010846877639, -0.04997443077593791, 0.04766652265971103, 0.045418608298470976, 0.06558767279733964, -0.029730889657797424, -0.05735441538255716, -0.040580855164868763, -0.046950541724302075, 0.09900759221978209, -0.03424716155095488, -0.08595437286441783, -0.003982636194402441, -0.003928743094558309, 0.08293715834096084, 0.015759360071687174, 0.07895571226477187, -0.04197212322255341, -0.06524262975496824, -0.03129039008782066, -0.044699420234867, 0.020566296089997584, 0.04442201815870023, 0.08874566874368428, -0.06551470697187871, -0.07964698081278848, -0.07740179159708056, 0.056293664193924314, -0.03432495944023125, 0.07927215064178827, 0.07011421315751912, 0.057331238830201296, 0.06688912963944275, -0.07296520849922165, 0.05108814277287737, 0.007298731192111507, -0.07283972411985798, -0.07339803328040742, -0.060551589793256234, 0.06156702977968793, 0.011858487756461979, 0.00026610674660710936, 0.05922320783709824, 0.008673014836817488, -0.016570873561155882, -0.08353170139811553, 0.00012767429834963784, -0.000545391349792879, 0.10621072965635334, 0.032153330399782284, 0.050687749143645246, -0.047380208994741956, -0.06800716974244675, -0.007052360239783351, -0.06807946366955431, 0.008683242316327675, -0.014592650641997168, 0.08336491182679309, -0.05006347864748956, -0.10549079779573389, -0.0848329904060699, -0.08451046519492159, 0.05015486438757331, 0.0777649597033485, -0.035528909106256015, 0.049851642879163834, 0.06420561818852671, 0.04230931489654268, 0.0745380816523145, -0.004528832736937991, -0.02466938476437558, -0.02003576014860327, 0.07591992924698532, -0.041626961382653205, -0.076213945121628, 0.06080104270454648, 0.10009311447299325, 0.013213590162085254, -0.05383524244913853, -0.05644158099358697, 0.00013596880001895704, -0.06679076375313346, 0.051104205157892414, 0.02724605012505996, -0.09104147172520743, -0.024485211687818014, 0.0979551499541585, 0.10554437262663434, 0.0002460005310101435, 0.08721179310636047, 0.03669239247877834, -0.08112768881660005, 0.02778789421758117, 0.09214300333676083, -0.07925229834337763, 0.07231086074129933, 0.03446679252710466, -0.06621442629008638, -0.004170979669796267, 0.09336356438551986, -0.08401147654904387, -0.054948663923836946, 0.044606962655245906, 0.0708551540096386, 0.08452863518412156, 0.08839901821196537, 0.008100283800449972, 0.03272340122622701, -0.09733577394797002, 0.06188159529372494, 1.607044462579529e-05, -0.01770068351201671, -0.008596093095524712, 0.0291567001043142, -0.0036224318519143804, -0.05168968901030072, 0.006006475790740532, -0.0006042791942959641, -0.017557317540835594, -0.07124847379662078, -0.09361914771948475, 0.07554440667074903, -0.08113137408075843, -0.022994172601143434, -0.05409456586304864, -0.06425818651813277, 0.047780949286903455, -0.02407077631691533, -0.0738917642910067, -0.0729432559879202, 0.00666082893335421, -0.09320772099752732, 0.07675973525972508, 0.05240869620652134, -0.09549613445085584, -0.06297109663335192, -0.10093157221739617, -0.07165919461580224, -0.012828473409770561, 0.06489417759212598, 0.08806207351913088, 0.040684404457685945, 0.06593407591566167, 0.0297853446975252, 0.05860896669368974, 0.06810739636648253, -0.004109099393421909, 0.07500618347697192, 0.011824513738529493, 0.0859499538209147, 0.043541804001674754, 0.02416601883677942, 0.015512438302289523, 0.04855487010604912, -0.1051738453273742, 0.0832585582086987, 0.07600552848754795, 0.051524132474113304, -0.05951235964529573, -0.07090903534852294, 0.07272453595063459, -0.03504839734870414, -0.04546802525349457, 3.51666250158044e-05, -0.0835381983729089, -0.06210650223284425, 0.02877357534443304, -0.06886119644474899, -0.0228479848076424, -0.019297934579728015, 0.046387243852043764, -0.000569952016227499, -0.060573375731902315, -0.041605157170011446, -0.0490485100265934, 0.013514217705229396, -0.038004474822886276, -0.0033552549894175234, -0.04293852503003111, 0.07755182577512211, 0.0010513011738161422, 0.04775042650988722, -0.0013334134454740193, 0.0688502571446201, 0.011802514441453455, -0.0850596020739107, 0.02906532378663457, 0.007648915560260664, -0.06346429405503254, -0.05885541783786275, 0.07057005482050697, 0.07408726077544256, -0.03051794510128629, 0.06413886807850301, 0.07968778286355162, 0.07177122217349631, -0.05457929150233475, -0.0626964419074617, 0.05555958483116354, 0.06169697976106003, 0.04727196275129077, -0.10476968674452386, 0.04427440969517456, -0.10627006937799881, 0.0707597811874641, 0.06482748067017159, -0.021622683333530297, 0.07343106523183733, 0.05413704392257113, 0.07646827079481285, -0.025018168875037026, -0.057944459148068145, -0.10265774466520886, -0.07082563759451876, -0.0054792216321728196, 0.090830142352525, 0.006342015327296354, 0.0002475738867290981, 0.0115478698821777, 0.05395879488399618, 0.041370315357059796, 0.006384007591316392, -0.0396724303852499, -0.06797516458950807, -0.027373738566373484, -0.06360515645750735, -0.032814954521191944, 0.03377231777404549, -0.011047458072582035, 0.02216756513088706, 0.058616317974371224, 0.06899843558655491, 0.008699215080711704, -0.05803203474407838, -0.027869837784911006, -0.025055132029222608, 0.0785216792384675, 0.06586952153688093, -0.014499489645808555, 0.08971496937600068, 0.08017461751087573, 0.0245643922799427, -0.008856282947221092, -0.018217223013865327, -0.0692960378653068, 0.00737046084558052, 0.0955886247285487, 0.06857429235617614, 0.03141043200236082, 0.047493041464587056, -0.003511989177127667, -0.02306400254443508, -0.05291290865367069, -0.08020830794143778, -0.09777260457757339, -0.10110995713638676, 0.09891835975157492, -0.032653218044568756, -0.06631023147271896, -0.08473595241237407, 0.06928220656646498, 0.09158993805857431, -0.08682562114585954, 0.009173650501996703, -0.06545617263164641, 0.00031532441371675884, -0.002076364208577598, -0.06969422475125116, 0.034644297632389215, 0.06407851539569641, 0.10388869845962652, -0.07922759010537787, 0.10757296079169514, 0.03176049033035572, 0.0010725482772102168, 0.023086078460679314, 0.0011840003714666848, 0.07474175243913873, 0.031910606238897486, 0.016466194847525994, -0.0569624562514556, -0.0057420189480870175, -0.05194371280864609, -0.040383870402234213, -0.019601221022094856, 0.05255229433944242, 0.06630354619859083, 0.04947685483615563, -0.06663816220986245, -0.02492093230954748, 0.08503777407591648, -0.0034356953232530184, -0.10313583888094473, -0.0300908899349438, 0.02157412239614917, 0.08230990320226442, -0.01175017824019871, 0.04980093071909534, 0.01801515271537155, 0.09525658566603491, 0.015051793364633427, 0.02070906820195524, -0.0012573771923145272, -0.06423076999510059, 0.04165800977293537, 0.07387863094561134, -0.04234105397880001, -0.04429418111972179, -3.7191196933909186e-05, 0.07687873632234847, 0.0025717996769941444, 0.10494290981344583, 0.05670908047233634, 0.06706143088355457, -0.06606147190515278, -0.030164511804951763, 0.049014302002922575, 0.0648417599771684, 0.027769471659833327, -0.012160987418445693, 0.03281876175766991, -0.0581738996380648, -0.009335838431611362, 0.10276199745303612, 0.03371602717633999, 0.04192032579088995, 0.012248633346223278, 0.051967868316720095, -0.10755814875160086, -0.06904681798989143, -0.060745121204695336, 0.018040053667535125, 0.06871849471748423, -0.027072380870476313, -0.04700686660411986, 0.06306480633660119, -0.09211749855191238, 0.06584128236474618, 0.03610849744232438, -0.06777968418808022, 0.10532474866296643, 0.05420156342579208, 0.07906570100789294, -0.00012149079301022689, 0.07606796287946928, 0.08930301276493513, -0.08866828376006303, -0.005904114357042315, 1.159759230499595e-06, -0.01790362465747505, 0.04503885800857974, -0.09172900165877622, -0.04483034978680315, -0.04758891983096007, 0.0665449599459173, -0.05538547272829081, 0.0076109723612521165, -0.014216196859474613, -0.06743939664754559, 0.03828104421625916, -0.08180625250847942, -0.05390839610611476, 0.08985090795349188, -0.10606358612893513, -0.08749857996456889, -0.07980984028964938, 0.07556981951341332, 0.06635885490676711, -0.0005114974065521167, 0.09400241079404106, 0.05664656983250773, -0.03549433113385968, -0.015513664526844466, -0.050951954936384714, -0.03847961470946013, -0.003126466548668206, -0.07771483411000445, 0.09535981478519825, -0.05454013936594702, -0.06295166887588137, 0.054076411024611984, 0.06593634875335706, -0.05396917150006981, 0.0727486469957346, -0.007811766298437999, 0.0069067738914721745, -0.08654223423235123, -0.07181775398695936, 0.0649296631515081, -0.045934060818163175, 0.052422029916083336, -0.04607737654828762, -0.0518952152229877, -0.037981266561823046, 0.04782469549709753, 0.02231121034333213, -0.05817235017526956, -0.05652673322325752, 0.07374771145103863, 0.010459473291425133, 0.007190533962491812, -0.06534271261900607, 0.0776949946167426, 0.002876484173476238, 0.011566678244717351, 0.03404269964253154, 0.04917370278175802, -0.04160892695193241, 0.06350885022095182, 0.05784800276626522, -0.024749079044144886, -0.018131723600479967, 0.05670659266401929, -0.09657550568871255, 0.009363726454293966, 0.05719983351236605, 0.05508026498821838, 0.09145234076217992, 0.0697954433832428, 0.012657674176095386, 0.05173089574981522, -0.05340637581209069, -0.05746843404394614, -0.10645738738254773, -0.0316879713812622, 0.010711497738542968, -0.048084486742497566, 0.08756283445101798, -0.018391901318385744, -0.09611115923885698, 0.09866925143007256, 0.0688665418814478, 0.0018945527183711276, 0.05826042910884186, 0.09809775694115239, -0.06588619402799081, 0.006218675462770474, -0.06371907038948496, -0.09210901848047966, 7.61140546417399e-05, -0.037233167919782484, -1.8190038994470363e-05, -0.06624870932812363, 0.046725702348815776, 0.0024610784658358645, 0.09390162065849206, -0.005946334169030264, 0.08437663702492887, -0.026841786264858825, 0.09549455523116801, -0.06203163577493869, -0.004805957694497266, 0.04588764417736967, -0.06915480773896654, -0.05117752718823662, -0.059516968504942196, 0.10185690279299377, 0.05065700428031824, -0.01810738432601557, 0.08081409043424861, 0.008228375254528209, 0.05122095721085129, -0.06537385568998029, -0.0574292770554291, -0.09967413463654042, -0.054080397208947965, -0.08914600665619743, -0.08602421014243482, -0.0960700478214894, 0.08831185281446648, 0.056572446009840974, -0.016675353844177152, -0.0018888143157213906, -0.08659460786265133, 0.037490042872496444, -0.048981103697093915, -0.04539106776881399, 0.0780690761881732, -0.06667833392659088, 0.05249706187389644, 0.04457069058149312, 0.09835296338445967, -0.0005132045707667229, -0.028497109473576112, 0.005453673246831798, -0.10199372353520343, -0.05420580299638861, 0.0002018255247557781, -0.07243065882529787, -0.053920712330729426, 0.021812547016075, 0.054489436102036104, 0.04362934279572464, -0.10443132868064241, -0.014948481462109989, -0.045720948854584206, 0.032264271288933624, -0.04756310572389218, 0.0644009405040145, 0.05753388244093208, -0.0012414995352899103, 0.08142441663627178, -0.06919141538384048, 0.03758688198939981, 0.006152591811448911, -0.043337767087816746, -0.012861915122746913, -0.10181069453746747, -0.059554219584804946, 0.011789796595100276, -0.06942955165206723, -0.00015372489310897777, 0.059870115549722464, -0.020661716810383136, 0.02398797609769631, 0.04812034264602823, -0.065929512436657, -0.03766377693415862, -0.015337128518569516, -0.07882720661405529, -0.02076859356193777, -0.07818288133461761, 0.07651662477177369, -0.08505767311089814, 0.02865458797329968, 0.10561875060206756, -0.06816567501970294, 0.09351975451753387, -0.00043422183764627313, 0.0041101424040888524, 0.013439677523068636, -0.06849988082921286, -0.03790709574326352, -0.04029148202096036, 0.054957545424758066, -0.06267481536899615, -0.09702151971714133, 0.05643539914236604, -0.029219114349430347, -0.06203286378803027, -0.04872879208770577, 0.0454019933061245, -0.08059432890770657, -0.001294594537158738, 0.017842282577292073, 0.06127157642576928, 0.004770178481440486, 0.10111334031871072, 0.0765818275600655, 0.04723147247220269, 0.09603970448457796, 0.042109766229866855, 0.06270516991434058, 0.023942080330611057, -0.06492945969510389, 0.07894596154048264, 0.06636478353943481, -0.003006017217461311, -0.05439540540970716, 0.04235199629641207, 0.06281819814667475, -0.0389212470387027, -0.03793653886119666, 0.0014587646811088028, 0.09256964694033008, 0.05661196650697635, -0.0015752251667067556, -0.053849292143594546, 0.0034981899867808043, 0.05086754251088547, -0.03142330167706525, -0.09850812186734076, 0.032331223378731636, -0.08021837233145146, -0.08318105558725557, -0.08487936819415078, 0.01398902320119891, 0.1069027002737431, 0.05642538690560142, -0.052949681121053006, -0.02614739624121827, -0.0921954990638135, 0.06453693814430879, 0.07563394071292835, 0.03487719766354466, 0.002627748405372425, -0.07635026660783462, 0.06105837269367859, 0.061866149136951966, 0.06778272198266107, 0.005688929872672663, 0.061662814307374324, -0.09225379715029149, 0.01367019058848421, -0.01201204878815521, -0.10046275304787394, 0.024502432550958436, 0.0690634353252644, -0.042110271493818255, 0.03904607333263945, 0.02309487244681029, 0.004183423364659762, 0.06875063585608868, 0.004709651427685723, 0.028283353935039533, -0.01424890822443694, 0.07558489415308815, -0.058386729812221136, 0.06209350897891026, 0.06187845657871854, -0.03498763992691309, 0.0552864468697857, -0.09207702482442007, 0.07324927637667547, 0.02927444739119398, -0.0016731012202880593, 0.09494880810003, -0.03830642098002941, -0.08644289855142195, 0.0025725765573749804, -0.10733777593597064, -0.060860674904067366, 0.06073308314567128, -0.05266826039782676, 0.0647962382578389, -0.008078684870710106, -0.06703408609470353, 0.05638629018670787, -0.06263200082572001, -0.06574648285443008, -0.10099727515581176, 0.019711561447125343, 0.01191866747255232, -0.05689171308930923, 0.027994112716393047, 0.08265066580054185, -0.027087606135606603, 0.0023236761687006344, 0.018149802230514912, -0.09747931815881329, -0.0168242454117804, -0.012640950774999745, 0.002615747603859981, -0.026486696447602164, 0.0015399203565801504, -0.032775380831445586, -0.09382588930739663, 0.05144827601979195, -0.10369417164886538, -0.0007199648154767438, 0.012236040992607578, -0.051950331364098344, -0.060490410402355366, 0.07348160663499667, 0.03471156742506465, -0.09556116754376574, -0.06880254282520479, -0.05934049931471634, 0.07351296285435585, 0.0026880738635819156, -0.02042482510894118, 0.10028756505441683]

------------------------------------------------------------
Sender: LSF System <lsfadmin@c43n14>
Subject: Job 3505934: <python gr1-ly1-w2-hw6.py> in cluster <njucluster> Done

Job <python gr1-ly1-w2-hw6.py> was submitted from host <c01n01> by user <sjwu> in cluster <njucluster> at Tue Nov 24 17:44:44 2020
Job was executed on host(s) <24*c43n14>, in queue <mpi>, as user <sjwu> in cluster <njucluster> at Wed Nov 25 05:19:31 2020
</share/home/sjwu> was used as the home directory.
</share/home/sjwu/wlj/project/3-layers/grad-vanish> was used as the working directory.
Started at Wed Nov 25 05:19:31 2020
Terminated at Wed Nov 25 05:42:54 2020
Results reported at Wed Nov 25 05:42:54 2020

Your job looked like:

------------------------------------------------------------
# LSBATCH: User input
python gr1-ly1-w2-hw6.py
------------------------------------------------------------

Successfully completed.

Resource usage summary:

    CPU time :                                   31104.51 sec.
    Max Memory :                                 5356 MB
    Average Memory :                             4230.16 MB
    Total Requested Memory :                     -
    Delta Memory :                               -
    Max Swap :                                   -
    Max Processes :                              28
    Max Threads :                                607
    Run time :                                   1402 sec.
    Turnaround time :                            43090 sec.

The output (if any) is above this job summary.

