grad_list=[-0.06585404218348145, 0.0002594443234645766, -0.05131184784733202, 0.08254471136721749, 0.06065171060303856, 0.07848675103413284, 0.07869515347165947, -0.05788488567870559, 0.0017415967333449965, -0.013151834234482457, -1.0030586721144664e-05, 0.0772099211150739, 0.06233705917319978, -0.07066903337527385, -0.09325960366089621, 0.00045197507649797985, 0.006671045348531804, 0.03515436715851547, 0.06592219027260612, -0.03450017070203467, 0.06963506273473358, -0.016209040007288022, 0.01793867918140854, 0.044717707568072494, 0.061508129070511675, 0.044469805420521695, -0.06366424435037914, 0.0017546177757379548, 0.05774417014140228, -0.007798941937375764, 0.009937608542900071, -0.07934361006818454, 0.011892218436304305, -0.031901624343339666, -0.09100976906303866, -0.05172806353123154, 0.0614211490062175, 0.06695748272996417, 0.030907671145672565, -0.07913995606573733, 0.0331809074514344, 0.06511096840169815, 0.07024842567349772, -0.023027048161552197, -0.02970373093363584, 6.070902432095715e-06, -3.0851001267379353e-06, -0.04264188286521659, 0.028883410414455454, 0.008972249975450909, 0.07910304006637973, -0.0981899785884992, 0.07421215271922275, -0.059274583921638355, -0.01556141637599733, -0.06943399119457143, -0.02946696059430806, 0.07658586369773593, 0.024025837232781296, -0.06717370152994084, -0.06977518786948689, 0.026247716022375897, -0.04707931523704764, 0.08243771164379017, -0.07725530676322012, 0.006729801258004381, 0.06215590591620299, -0.08710136772376303, -0.048455921667971545, -0.035539530860784395, 0.04086766852900578, 0.08842668312327927, -0.0158664428540452, -0.09864671628047224, 0.011380449613040912, -0.09711970034357287, -0.09977669706344931, 0.004534580410142177, -0.08336539276729546, 0.024683664458747246, 0.06422343928236789, 0.0012594650657397738, -0.00990586786044978, 0.01875429661388078, -0.06826008636995558, 0.02734196702649393, -0.08517373965908175, 0.05934022181807051, -0.07357314865551727, -0.027931904041493014, -0.0850174959061613, -0.056014735017372065, -0.06765297636308365, 0.013627299480929252, 0.028349238014284753, -0.00015299959768983097, -0.028057513752924996, 0.006758244537656788, 0.001785860217493729, -0.07983299772892981, 0.015363607140663763, -0.052272909565037405, 0.04678192524110763, 0.0709401753081942, 0.0685448902373181, 0.06618872575217202, -0.08326020528003573, -0.040036407138830485, 0.07047699510631052, 0.02810632308278726, -0.03958141610069773, 0.042403365561155065, 6.948799361890825e-06, -0.051050491225459106, 2.0432749914043688e-05, 0.05967777624440552, 0.06913995703464501, 0.08444262113756885, -0.010140729991107997, -0.03575545487389855, -0.0561630072179752, -0.041471724286009516, 0.05891389085949647, 0.02935227820189106, 0.020828067921891222, -0.0009396786983655224, -0.07408056875276438, -0.07352845297899084, -0.005826766501842762, 0.08197353684139647, -0.05797671997676185, -0.04627776041865942, 0.053417838746097276, -0.06258907031302448, 0.049348582712427626, -0.10258866286475594, 0.10308028862951772, 0.05704161083555197, 0.10138844077047306, 0.09502747339263046, 0.10438139859303516, 0.07157211294549475, 0.051654038931032646, -0.05577706872833479, 0.09359200035192301, -0.012832150838642756, 0.0681013339210926, -0.007544990169049959, -0.06142945213025227, 0.0004540321609428903, -0.029806562435768718, -0.012561819829228044, 0.0262261831840961, -0.02977862496048777, -0.027555028014709614, -0.040929268702908805, -0.061337525646630336, 0.06592732894071815, 0.008943113941509224, 0.04669822655129195, 0.057929077724643084, -0.028211764303364764, -0.07992435213551947, -0.050863862931903654, -0.0025048408097070587, 0.013812995455753324, -0.08973420496325006, -0.04590599014309998, -0.05844468891617468, 0.007619400546701294, -0.0011831255522458393, 0.02948603807784451, 0.07286179109696513, -0.03353517749163254, -0.013853899748521534, -0.07022279112267531, 0.07268867885400525, 0.054459038540908125, 0.06864482921974928, 0.038338483742265554, -0.10695860533882041, -0.03955606341907697, 0.013942595910602776, 0.021753277465536187, -0.049230777596185785, 0.06166706314121438, -0.006545560346369497, -0.05154574183731261, -0.010591786320220299, -0.10122592217965871, 0.08022677296514692, 0.04792301540825936, 0.0002173235985624, 0.0633073786095341, -0.030541972235487644, -0.0709497070500813, -0.06435595233798823, 0.04924550629567194, 0.005675792234023929, -0.0004578909953241556, -0.0657143994008662, 0.061981446773799215, 0.0006908893475917079, -0.06581300303314502, 0.06727923956688144, -0.07889638698499037, -0.02123705461689417, -0.07993850987976434, 0.002043069472494868, -0.09818157377737853, 0.08759302751196854, -0.03868148488308564, 0.09946141299329814, -0.04459141216068433, -0.03162532435861045, 0.05129019406376187, -0.018508035378875888, -0.01810385913999101, 0.04753479830521972, 0.06042328387164009, 0.08179596776428823, -0.0019817326415950067, -0.011831351167030242, 0.0141109115811549, 0.010820455792474643, -0.05443497660441222, 0.03844698758381695, 0.02010838872973894, -0.052170562196836294, -0.036847526488628046, 0.07138667425824495, 0.083396109272015, 0.06446001522937364, -0.05133649640153373, 0.05866536428501821, 0.055287232286437726, -0.05351882215608544, -0.023726388590703983, 0.0699551641739921, 0.04744961238786386, 0.02541899083102965, -0.0640043554243275, 0.009933316076030183, -0.021949855511349477, -0.004559320288337527, -0.04724751858627335, -0.08664693027422309, 0.0847659485077554, -0.06350095684312008, -0.05126608753383171, 0.0806300902414419, -0.03176432428694656, 0.02717892924806617, -0.0780362541946402, 0.0012228740354405562, -0.053600778085908206, -0.02848171989048332, 0.0012160598397686893, 0.013462925730235425, 0.0628586185125155, -0.050513866223156706, 0.062467975639341845, -0.006883336708884716, -0.01175029421749614, 0.01431290647518564, -0.08119171088435877, -0.04418660052517582, 0.07179271420483106, -0.021977090597756457, -0.055673298216787466, -0.018969443868025224, 0.042036456659375034, 0.01927063530802362, -0.04094187329194727, -0.08206900797340498, 0.042218115632036674, 0.07173215370819024, -0.07584290305824273, -0.04358241569000661, -0.020160103446039284, 0.0798125944019715, -0.09776659293058647, -0.0007443566985891352, 0.0785563240559751, 0.0014024314866737974, -0.03149774012621994, -0.014798683074214869, -0.08796771472434933, 0.014793578036970482, 0.0933448831131723, 0.032879356179760275, -0.0642859961861588, -0.05620225235327315, 0.07205999780861001, -0.07725452763700048, -0.06919714856153199, -0.053992706941015156, -0.015149940018760893, 0.06764958957642525, 0.0052019356074078545, 0.0933078532722484, 0.09605827521424222, 0.07608488958702223, -0.01259610424900065, -0.09377961178023506, -0.0672357592525437, 0.08668428323000883, -0.019689806408447214, 0.0569166941253135, 0.050387508672584576, -0.06396296688301324, 0.041628829434332854, 0.05779581446355061, -0.06168145905438921, -0.014054267162016784, 0.07560601545906034, -0.08483210404728249, 0.051091811313518795, 0.0245355402300952, 0.025091709811771626, -0.04538825965501876, -0.016938342887501154, 0.03999440498316138, -0.059931680991455336, -0.0020677782196779427, 0.06573898121494452, -0.07767443069599382, -0.006749977657965926, 0.06747058111447515, 0.01668720499146235, 0.03633468106751475, -0.05672759637007574, 0.02180680759510356, -0.021876707314076472, 0.044695002424759246, -0.08623045322162858, -0.024632944292792124, -0.002887544612798424, 0.009122326954296895, -0.05152339372187644, -1.1234832550238405e-05, -0.07694922602728288, 0.0798883461779278, -0.062096834855295734, 0.07687870891348533, -0.07153944835255178, 0.06416156600818249, 0.08914686215268967, -0.000890419631131761, -0.09695162567461675, -0.08332933672354857, -0.07705646155535588, 0.036952655996406625, -0.05453912737578793, 0.06973496103312428, 0.023657337833615927, -0.06186149196133483, 0.0520090977795399, 0.03931898281795199, 0.08714161504882582, 0.08283638843398847, 0.025517705415115038, -0.00894221497451459, -0.0018453701066853138, 0.09517649240023807, -0.09616413033244128, 0.0658033211254053, 0.02285941999886843, -0.06542952355043752, -0.07853586258526006, -0.029890070112886146, 0.026031812480118963, 0.050133536037551926, 0.056126360391550945, -0.051624857175348385, 2.0782592033905673e-06, -4.298608970173014e-05, -0.05205737654749163, -0.06841848230131854, -0.04603645430541871, -0.04669796304250172, 0.06507982167348585, -0.09788447681361331, -0.08713060865028571, 0.10520241496318125, 0.025670009093158332, 0.08961155168007547, -0.06339602935714461, -0.06409775838308399, 0.026976049754569482, 0.04617224855376883, -0.020691670829672486, -0.05216062480862333, 0.06316267043335724, -0.013151289860086008, -0.0648545693324516, -0.054353883890523036, -0.012532435885271268, -0.06336867129535426, 7.561098402463353e-08, 0.04319424828683945, 0.0566107233421269, 0.07496673744498013, 0.05543114516931619, -0.03391066090251287, -0.09793426782665636, -0.024645832701361142, -0.0065690199003222444, 0.044547979534068215, -0.020415501665757552, 0.060323349269819554, -0.012882462594219615, 0.043428435401188015, 0.10715277387378218, 0.05850881938613693, -0.07642621813191823, 0.024993787044993165, 0.06760470029169544, -0.0001723439586594602, -0.020569404417738125, -0.0001399636274203444, -0.08523182213536604, 0.09674247189121846, -0.01300455981112137, -0.03657423734171158, -0.016162043119356824, -0.009439997598951139, -0.08733045860171747, -0.09310184932318792, -0.0109638189210957, 0.06145258623821829, -0.08249482835188986, 0.03009215029872358, 0.025404286203270305, -0.006437864013886213, -0.06662397165986968, 0.07136988941925894, 0.02317018747756228, 0.08283455104319178, -0.057244115437885754, 0.05627821426528444, 0.03212416027868255, 0.07268079608378852, 0.005368427355613909, -0.08082183594493181, -0.08842957191874937, -0.051884208523241056, -0.09034827638540979, -0.061339679232006825, 0.011955136120570002, -0.05540299921702887, -0.04220670788680415, -0.08212888668331418, 0.028605078335867572, -0.08266792460839768, -0.023575664265714804, 0.07911647862995551, 0.09500993987934939, -0.01970388651859276, -0.0023189341888074574, 0.022270595284366472, -0.00527919172920181, -0.06412345619104559, -0.03763315190104738, -0.06731650936007602, 0.013769854617272221, 0.054340987743774806, 0.0662725557807126, 0.04907329399570623, -0.05877349055175385, -0.0777389831127278, 0.10722625706394319, -0.01836851313771316, -0.04688079850051986, 0.08355907186048477, -0.0951780793611391, 0.004236587743427231, 0.004919657494217683, -0.08723919186254432, 0.017616933342783265, -0.003653884217886772, -0.06677721196866829, -0.030715307449065966, -0.006618510726236354, 0.02920313038668402, -0.03752315565925929, -0.04241671029666203, -0.00623770499316813, 0.04503275632256881, 0.05836612417113787, -0.011898297506923809, -0.08468084863326739, -0.06474717606228987, 0.07923261667346679, -0.05737650927040085, -0.04277680821990033, 0.07593068319208172, -0.05216052512721635, 0.0053205403286707125, 9.891994800404977e-05, -0.0751599912626238, 0.030519758757974646, 0.06327256900559719, -0.04479740124446772, 0.02711156028321653, -0.02587797978583145, 0.05732259987531029, 0.04592568866701739, 0.00019574852711427745, -0.0646261605975959, 0.09306986575795469, -0.004110151910797457, -0.10123021889531442, -0.003155017884546232, 0.07312535144983538, -0.004538921234277157, -0.0323647048319934, -0.033459133764572345, 0.04951995588022058, 0.03605401994149569, -0.04317516643413384, 0.05166194557966521, -0.07010682458600974, 0.008049414009214627, 0.056368469197210766, -0.08898040116845672, 0.06141531403316422, -2.5985238929655943e-05, 0.09045072953919438, -0.03684058518136004, -0.0574548278395926, 0.05006123041892313, 0.04367628063083574, -0.09346374976203098, -0.03942361922990096, -0.055399364554540975, 0.07170869028684723, 0.023998635873829402, -0.05151632404908145, 0.05009344831249311, 0.08289871208710817, 0.023935271297694988, 0.004422191446677573, -0.06032584455939266, -0.09723817860693307, -0.06620596304643094, 0.031923668974080444, -0.08810527665875029, 0.06109018332567268, 0.04893572293979283, -0.01060680740753481, -5.87415456586549e-05, -0.07099354572587084, 0.0703693911777888, 0.037955945942345845, -0.06858671874379722, 0.04164035600155008, -0.0054722000130538575, 0.028297345665623048, 0.06441880902212897, -0.02169820131911321, -0.07444185338626878, 0.03476366144534018, 0.090485884202658, -0.07784599627233606, 0.021395404270871783, 0.0272880251994826, 0.024566307333216093, -0.050347370556672995, -0.06752818150288874, 0.05942015316687265, -0.022979363459688398, -0.04156464979458661, -0.03197988379656316, -0.07053854073738144, -0.02018501141496931, 0.01650701831700939, 0.0052748598228688, 0.022184446457724497, -0.05530439730796153, 0.054030028767878324, 0.06660802416318133, 0.05556258711820589, -0.07619569257012607, 0.04573109643367875, 0.0035901394992064644, 0.00022795701347364233, 0.0016048353837472607, -0.06177986774992844, 0.014626736374939655, 0.0736527593945057, -0.07379443061239621, -0.08775835405320632, 0.09805537630895879, 0.012184338676429641, -0.05425824406297265, 0.05244825978184692, 0.00029776838003835047, 0.05205766622782453, 0.057731335574794616, -0.022184611337554342, -0.01980945225754108, 0.05738301467660384, 0.05494642239064201, 0.007677740460312969, 0.008940643676874688, -0.034874740257621245, -0.07865708932980542, 0.011198870094027483, 0.009219528916527202, 0.046642024801787474, 0.07122899883756005, -0.02133802763767983, -0.08732856052564425, -0.00226943444815567, 0.0011718560649752706, -0.04959375373334403, 0.060056523021689026, -0.03563566740751735, -3.1930243283501784e-05, -0.05986871304407363, 0.05097360818719357, -0.0019128940548856714, 0.058981360656958096, 0.025784805430036677, -0.05197300487447787, -0.03448057404432323, 0.09556180006928718, 0.03215788250776259, 0.035161752755108425, 0.06263428186986736, -0.06832793177324345, -0.08670848475273497, -0.09553423341661327, -0.03272247604931961, -0.003563164503016893, -0.08749310385554541, 0.018593719779444913, -0.05006044244829102, 0.06044587847781468, -0.061309318074568166, 0.06399400264249222, 7.706495771365014e-05, -0.06625376970879633, -0.06487607093719244, 0.06555899800018508, 0.06561859196497996, -0.05552132599680465, 0.032260988464835584, -0.0844674457494798, -0.01768071497326527, -0.10737664897225165, 0.08172845679281322, -0.009835681836441939, 0.0651130241849435, 0.04602311076005547, -0.05704421221801176, 0.019537765010230395, -0.0015754498193763062, 0.007679397278535803, -0.04157575682438824, 0.0015231589511772905, -0.03891146777479064, 0.024157814177878545, 0.08272388036362585, 0.09991440168145044, -0.0631174023689381, -0.08126818519070725, -0.05836508643591219, -0.04964392990321346, 0.004866179683196669, 0.053596840496522344, 0.08726472608602123, -0.07444858253855419, -0.057054503624938274, -0.05506068722037897, -0.006437634922585997, 0.0736490678982392, -0.052293153215010685, 0.07991224498820375, -0.027565188439884116, -0.10498186104259964, -0.0771781640083548, -0.00020950968437963012, 0.06470173800646697, 0.027086219947584422, -0.048098159186477925, 0.06107643833644812, -0.07010479728743854, -0.04378577573619203, 0.06411722628247557, -0.07217553882633145, 0.059757941586878284, -0.026020318372305434, 0.09857170107817408, -0.0006693521514444861, -0.05671178906908172, -0.08007601164896105, -0.04513456780691327, -0.06110206643702032, -0.02610509954141939, 0.06413714703891639, 0.0009699577586186496, -0.0332487543790375, 0.06632289121614714, 0.05499326079324813, 0.06833069983212806, 0.05260597091436955, 0.09403695785585331, 0.00514433549032068, -0.07624618743004079, 0.08621890074568991, 0.029474234893392317, 0.10475483923292093, -0.023749270418140796, -0.03773485663568922, 0.05674704702178361, -0.056554406304368775, -0.02531097871559891, 0.03932809832093509, 0.07241841065786535, 0.0963001702391734, 0.065784861004748, -0.09284991323135239, 0.02574908318740279, -0.057884472159184325, 0.0642421323657874, -0.04965723570595154, 0.009706314414051785, 0.0005901929382971264, 0.0961489088035328, -0.03180970380507817, 0.04970373241208681, -0.08892451904893627, -0.0028636049696870638, -0.06324318679614682, 0.0001473421164333987, -0.016197375831572953, -0.03407648060500918, -0.0949026585502017, 0.009536600276853872, -0.052668198099041164, 0.022408731751986485, 0.08231779543884893, -0.069325230982986, -0.03381521488359536, -0.06635413378212135, -0.05053573197640524, 0.02855161707241587, 0.06661672665939633, 0.04147327743495678, 0.030435547108059017, -0.06033520168488706, -0.03610495590378231, 0.05205195796347382, -0.08991042161408243, 0.08601459999268879, 0.020174224499228732, 0.04696758043073855, 0.001428403894324612, 0.004184429691718437, -0.06856730404559043, -0.10168033972800036, 0.05090477414183235, 0.10330391736511743, 0.0736617052613162, -0.01198538817213168, 0.0804987799949801, -0.05273194789452212, -0.10330859391488793, 0.0794542424286542, -0.07479006847935966, 0.022736680055917845, -0.0746305807885095, -0.030302191551204248, 0.08584246335783834, -0.05850219032082244, 0.09243927951593807, -0.010423444321043219, 0.010593152468197302, 0.04550672955349508, -0.003623695272713681, -0.07264017592598403, -0.017710585345365428, 0.011175805081735518, -0.0076736521994573165, 0.060505791548620735, 0.05028581492130906, 0.0665374858885174, 0.09321430023470949, 0.020469557362031383, 0.03275671119107934, -0.02561553716154226, 0.0498352894472209, 0.05341834718152643, -0.0636248555294645, -0.036850692260587764, 0.058559148201206015, 0.060337582684157454, 0.04523845724096826, -0.060311856372598734, -0.06676966373874556, -0.0750303229334113, -0.006362718366501128, 0.05255311070242256, 0.10300448513530916, 0.06615397600087679, 0.10227289715406417, 0.0076099450863167176, 0.0029639336241560495, -0.10082093652487784, 0.004791940705626184, 0.03985971790625534, 0.08496769027244082, 0.035752830939764266, -0.018261258897090914, -0.0525539430650417, -0.08855975746277431, 0.010032021329754004, 0.09177361553490744, -0.08579134547095657, -0.041668958395266055, -0.01268725380072884, 0.06825615319412211, 0.043538309983687525, 0.052078377541201155, 0.040318360052398076, 0.06966546926667624, 0.00015412776732231018, 0.03197497221970954, 0.10149832256294104, 0.03202455413617674, -0.04067299720819512, 0.056014855571706004, 0.06994979033314705, 0.030074225866876293, -0.07483372891259892, -0.005985505687840891, -0.008144296897315356, 0.07633945718470762, -0.05877042216492724, -0.07678964228646092, -0.057724153040164754, -0.07782972640640438, 0.06055225413224056, 0.07205771446252852, 0.06400173878767731, 0.05849048171988432, -0.01953973958562252, 0.013415378365382117, -0.042981387795599214, 0.02867296569501267, -0.07553549822887999, 0.00958883615262595, -0.03540861065039021, 0.07853447096989341, -0.08683323692500264, 0.004484551120596523, 0.00965556980717045, -0.0937187531906728, -0.010818677263962974, -0.10197050347366676, -0.0028392412854640176, 0.09526431406951319, -0.07331423000601774, -0.01914200002643883, -0.0660525270460298, 0.032784625266866846, 0.0172007858588279, -0.10130164347493671, 0.011973763432718325, -0.09745624776202973, 0.06001562521820107, 0.001332654256670229, -0.0477297510510726, -0.07326229232159168, -0.10211109881344321, -0.011983021314745188, 0.0674124293007506, 0.01991949555610147, 4.02111686534974e-05, 0.10359523672821012, -0.059962724326504235, 0.015310389130947172, -0.03236110377095586, 0.06695092034562844, -0.0241850800003322, -0.057176168736944755, 0.07449993294625702, -0.045464202433600186, -0.05503518473116721, 0.07451787179086052, -0.027446660486443432, -0.08445897488333569, -0.043623788064024394, -2.425634964324661e-05, -0.07435251742745078, 0.0038153845097335316, 0.013432923610109407, 0.06895951635792859, 0.029260253575867024, 0.030650653543216482, -0.07107765517164837, 0.07044789109209401, -0.00019644426811402828, 0.06488876693703016, 0.0016527754752383096, 0.0926984242877222, 0.09771894396737005, 0.0253719356738433, 0.06979169313401723, 0.06084779529550258, -0.07533953238236324, 0.03808685526413263, -0.021949416277028084, 0.07806061124181336, 0.00815934417622947, 0.055927887212730024, -0.04669172825285012, 0.0728569261859771, 0.06887523702154774, 0.02770784201588444, 0.07568552912684294, 0.06316987303157168, -0.03521538154567715, -0.038640299043758645, 0.07134331031364256, -0.026495876854272342, 0.040587376878062895, -0.06286072122204865, -0.0033287621229030444, 0.009480744629791132, 0.07169465065292262, -0.06205540523575764, 0.053158258802081734, -0.08051234870702267, -0.05457637347013424, -0.09012127566559414, -0.0036704865207791834, 0.07221766014593016, 0.019758024357605077, -0.07639497313150757, -0.025977891290659687, 0.05503953616005786, -0.03603168323086928, -0.0004211902601418601, 0.006347714148823104, 0.018470031450157683, -0.0548891960037376, 0.06887223225083132, -0.05915653052666421, -0.07069997335146691, -0.0035422667142622896, 0.09528401487265788, 0.008248877227946644, -0.04398180938294714, -0.06263760926864945, -0.03201156297068708, 0.00035232611974373763, -0.04946390722973854, -0.020271135646832795, 0.0015911148311455417, 0.004902326259189731, 0.06771553805875827, -0.05746768880396885, -7.960780390521084e-05, -0.0766084474711922, -0.08104824024967931, -0.07941469319556305, -0.0711745706349963, 0.10627574163334982, -0.06835951682215875, 0.06476380167325689, 0.015809529480647684, -0.04300439846561658, -0.06420140117545348, 0.07868765441993103, -0.00899413576841938, -0.10416959315910575, 0.0011386459622194076, 0.09517087367210342, 0.07895533832597149, -0.08046579612334034, -0.07707570138943481, 0.011019918789739904, -0.04497175075846104, -0.000668227770533596, 0.02216516463632912, 0.010743345675261515, -0.03853725896880022, -0.08403422207735538, 0.045684178577151555, 0.07084876313510835, 0.06955176224058655, 0.07818859380774049, -0.0817029202813, 0.05973066194241055, 0.0725170311028001, -0.03943411342777177, 0.015788669669828444]

------------------------------------------------------------
Sender: LSF System <lsfadmin@c29n09>
Subject: Job 3505936: <python gr1-ly1-w2-hw10.py> in cluster <njucluster> Done

Job <python gr1-ly1-w2-hw10.py> was submitted from host <c01n01> by user <sjwu> in cluster <njucluster> at Tue Nov 24 17:44:50 2020
Job was executed on host(s) <24*c29n09>, in queue <mpi>, as user <sjwu> in cluster <njucluster> at Wed Nov 25 05:22:34 2020
</share/home/sjwu> was used as the home directory.
</share/home/sjwu/wlj/project/3-layers/grad-vanish> was used as the working directory.
Started at Wed Nov 25 05:22:34 2020
Terminated at Wed Nov 25 06:29:39 2020
Results reported at Wed Nov 25 06:29:39 2020

Your job looked like:

------------------------------------------------------------
# LSBATCH: User input
python gr1-ly1-w2-hw10.py
------------------------------------------------------------

Successfully completed.

Resource usage summary:

    CPU time :                                   93571.12 sec.
    Max Memory :                                 6373 MB
    Average Memory :                             5976.57 MB
    Total Requested Memory :                     -
    Delta Memory :                               -
    Max Swap :                                   -
    Max Processes :                              28
    Max Threads :                                607
    Run time :                                   4024 sec.
    Turnaround time :                            45889 sec.

The output (if any) is above this job summary.

