grad_list=[0.06677756460322673, -0.0001202341520094907, 0.03654665153563396, 0.08127968248620815, -0.0710036754263133, 0.03951223023244839, 0.08830364571920518, 0.07406874963446726, 0.044088901085936605, 0.0033403467210261014, 5.637866305631561e-06, 0.03418404821689568, -0.025054444423649624, 0.062195922522105325, 0.0755435223719525, 0.0024849271927851664, 0.038058177712216874, 3.3167977078703144e-07, -0.09293753387637568, 0.10682683712014972, -0.06634278504076624, 0.00164713252108732, 0.05262430888847595, -0.028969367889555703, 0.04507265391134158, 0.006682707731774369, -0.06270625538373786, -0.0005444559362746053, 0.0009296721466011426, 0.07154803566639205, 0.0033774504709208333, -0.030596628944269504, -0.08549357192307348, -0.02862575326222847, 0.022214481115846674, -0.08013935132434001, -0.07566478232725, -0.0072994384159031514, -0.04963840522053641, -0.0017952222447119505, 0.05769157943047245, 0.07444047827398578, 0.027024752370388348, -0.09562017036914615, -0.052971867949973196, 0.0807651092436437, -0.05418915233067511, 0.042693427207757983, 0.08714884383947831, 0.09860590383927176, -0.00517786102950709, 0.06570550050444518, 0.07493500241767254, 0.08911581200243572, 0.039716302005085365, 0.10211360850154953, 0.004385992391386792, -0.03456095250310778, 0.04699365696768456, 0.055826375027203314, -0.08456077219544617, 0.06023201327955743, 0.07985240056493804, 0.051245688872515564, -0.035349433696635874, -0.08638570358915523, 0.02350268350716466, -0.012779471829788093, -0.001603646829734144, -0.09158767588075117, -0.0938253315370131, -0.056317779940758525, -0.06546381032711354, 0.0595187020487898, 0.026854860594727373, -0.03306593392847071, -0.039077671825488776, -0.08214262749163988, -0.002212838656775465, -7.977836490330006e-07, -0.011470463286946668, 0.10023996194335058, -0.0935837135154259, -0.00038187311425656696, -0.1019579183393717, -0.004921075316563606, 0.04446169513063976, 0.06604594591353627, -0.06450018255521787, 0.06384186092154222, 0.005246071256894593, 0.07728268328135066, 0.06654719796342752, 0.01551002885237094, 0.06180867866641729, 0.07069600719944205, -0.04504584281271675, 0.008172885858505993, 0.07954612995685462, 0.05815004246720576, 0.009982944405465027, 0.05169982011448794, 0.030702335888274337, 0.04545131146640741, -0.00845843805265888, 0.04623783285144337, -0.032148132800509994, 0.0006365086627425509, 0.06749924916867664, 0.028621134482079102, -0.011908624126304246, 0.023462972702989738, 0.008078324199350924, 0.02194809282216255, 0.0065520603875172485, 0.02545465527231547, -0.008240217280475498, 0.02731534557585971, 0.00022636917170868438, -0.08129347565321028, -0.05100401960924871, 0.10722602822321008, 0.09114955592057884, 0.017352095299323404, 0.0643276770749119, 0.07333759523654036, -0.08541499358138299, -0.013501893705700289, 0.002254553916855647, -0.05401828144345864, -0.03551379441671529, 0.053408882535655365, -0.0396192109280455, 0.0021524446852684118, 0.006107999178627464, 0.006342893490232867, 0.060586558687983766, 0.0681143087681793, 0.10714648107567995, -0.09356534828932418, 0.05631526613324076, -0.005176015743304034, 0.06275534085379436, -0.007539186129005963, 0.06099212621750893, -0.06683845295419555, -0.04308812195720305, -0.07563875289675094, 0.011828960618679314, 0.011834351001359641, -0.00980919038806674, -0.07812040382657015, -0.0016845912576256674, -0.05093336523911407, 0.09361682109063497, -0.0654713170479227, 3.311705361086715e-05, 0.04360240562984387, -0.08803214494375251, 0.027096007433846908, 9.72328009545761e-05, 0.061552582318152214, 0.0035360556380520476, 0.09813807404316549, 0.0034164920893677373, 0.05483897681353665, -0.04271959260397303, 0.09592041698045957, -0.001449073286207588, -0.005210923552256855, -0.00022922285599035787, 0.08606771456892412, -0.0018318208715910947, -0.0709150585619202, -0.022308855280064162, -0.05173148010496128, -0.088640216267688, 0.021832010657690262, 0.010031537207091499, 0.051612562196175216, 0.07234008360789933, -0.06876006537945786, -0.06409133714119947, -0.04164457929629941, -5.092816689183526e-05, 0.028120857743170944, 0.06475861747093944, 0.06378063166213396, -0.0554394639327343, -7.629010869182018e-05, -0.07360021625531693, 0.017071725294464924, -0.06707967774610442, -0.08161623351796847, 0.07119364450824901, 0.013361705694207415, 0.010558585531269373, -0.004212449877798678, 0.05774447559226352, 0.08333539274476773, -0.012269728810768318, 0.01128990175154346, -0.01236391590585718, 0.046146699343311656, 0.0664146804395469, -0.08515227084485277, -0.048481249375863955, 0.06549180216393076, -0.012523340021960797, 0.040648091941608254, -0.03689805754601961, -0.04500245119818812, -0.07270970569942822, -0.009868567871794985, -0.05801551420192459, -0.032184314398664496, 0.053709263155470206, -0.08574384620652116, 0.01048689498021306, 0.05327297447528098, -0.09489630749162856, 0.07296127102544257, 0.061849440134202696, 0.0022237657052643946, -0.04305247867294863, 0.009320175046694456, -0.033988350421305595, 0.043801278874728455, -0.06638681152843379, 0.001985177068566199, -0.015215886336665959, -0.013080708376147176, -0.0416597823108757, 0.0952694230235682, 0.016019478220172946, 0.0013387968029291847, 0.07089002172824793, 0.07265076121573757, -0.0801278679656533, 0.07192440423750289, 0.0010416721059195368, -0.00010570146693017822, 0.07732293248982341, 0.023491805532537765, -0.003939831825299676, 0.05410219519619532, -0.04059042927304554, -0.06124468878153038, -0.04656317364692766, -0.06830657418865908, 0.0749820074303844, 0.04880340778407882, -0.00011619913806009277, -0.05874156005538962, -0.01740075959044449, -0.07738305839812794, -0.03620406001036535, -0.07754672227247912, 0.09353064459742183, 0.002399318082662161, 0.025018306090509847, -0.024017648461482154, -0.05970943615945887, 0.061899964235828525, -0.05609221260910293, 0.05287515474114739, -0.06464023798532392, 8.563908985166208e-06, 0.011245785360995613, -0.07860981078233342, 0.06870293433482888, 0.03347789404107028, 0.02631167205654554, -0.010585029185884236, -0.0665993938684403, 0.058616482997592645, 0.05017088787126398, 0.057095473393923936, 0.02259496819752582, 0.026285827392696026, -0.040993891729897244, -0.07631491029347064, 0.05417747444758464, -0.08911329035914885, 0.00804986470894085, -0.05274468524934766, 0.04309862760713048, -0.05526608746367162, -0.0344641416180467, -0.07270346415664924, -0.06169471237686507, -0.008020683997239842, 0.008529810669750186, -0.048883481110299, 0.09855633296630689, -0.07663440262199292, 0.05201254137008647, -0.08035332870604843, -0.025628721598798677, -0.06131046133402859, -0.053308616455459104, -0.054620648455048916, -0.012648523412230061, -0.08774989193008687, -0.07858868326058097, -0.009841430793249235, -0.07605788282964805, 0.08206232853794662, 0.07324385249377173, -0.08818024953891077, -0.03970437931937543, 0.001188749182950754, -0.0035008791410588934, 0.016751021121038386, 0.06365142081480085, -0.04737714861842058, -0.06936301418762256, 0.005223297090518951, -0.07383178592947245, -0.0006784633203365503, 0.07552387743880641, -0.05828873287153006, 0.005402568889713603, -0.05492114728266564, 0.03798000452741841, 0.02224479930602891, 0.09868379333174215, -0.0007918856891199058, -0.06171571457849617, -0.07786298605217178, -0.040614370188411526, 0.018322034349166117, 0.0659472959896236, 0.07441912959109635, 0.06596771850033278, -0.05179550796170944, -0.027689025727309573, -0.03438938014574912, -0.08069628509575855, -0.06288733460133625, 0.004471950348243743, -0.018417250801458864, -0.027562437804144392, -0.03186744160495246, 0.0056183319328725325, 0.04926006633236708, 0.10189367300437381, -0.02580157923699795, 0.053935918948480724, 0.003268719839976307, 0.009249014820548618, 0.08937956180794862, -0.026423712551418687, -0.048932737399661884, -0.06840737506724748, 0.050663483310371835, 0.05552049139696537, -0.006854594417375024, -0.10283440052185738, -0.00034314348259658207, 0.003922787468463756, 0.051862523629662795, -0.023893906022661563, 0.0663272219513164, -0.06706077701840152, 0.05668777976809565, 0.09022405639027764, -0.08798481865537602, 0.07668515381852037, 0.09301378995548631, -0.0030696890269611616, -0.07407107332020801, 0.07813037285082251, 0.017322498274173655, -0.01291427901039035, 0.019707061008878115, -0.07257874002127589, -0.010996499275489471, -0.013930047998005369, -0.09339498024739451, 0.08321650073030026, 0.06413107462440508, -0.06409818195922803, -0.048419668074982714, 0.07958264546700684, 0.05125513441028938, -0.07215182464062471, -0.03203353333941526, 0.08083764549307974, -0.07498770765225146, 0.06413029180783343, 0.02051004041816119, -0.0854662482320619, -0.05895764306542854, 0.06533765758024956, 0.09611368794212424, -0.06460378274137765, 0.03815205515068915, 0.09312725240463879, 0.01974391930694487, -0.0024605157044759775, -0.08478507773480931, 0.08076753486829823, 0.05395851091365815, 0.04500106198936659, 0.010269934198154229, -0.053770555722056634, -0.030018451902397533, -0.025908487995786763, -0.07894691435359093, 0.009655195049876058, -0.06945349809070193, -0.021344181581327, -0.06172915439916334, -0.053993042791711125, 0.10372355326395868, -0.08881342859301009, 0.04408819380631275, 0.06978849875689914, 0.04377504920690106, -0.051321853281876495, 0.003899838678413358, 1.0521068112979918e-05, -0.0987617201873132, -0.09417695940308297, 0.04329296878313914, 0.039025154749260965, 0.009875003253255667, -0.03353551848753081, -0.06095710462372278, 0.0015553407444316447, -0.09684646586710477, -0.028786840870232654, -0.029908398229747824, 0.04244074516496489, -0.006363973420253317, 0.00484913791552258, 0.051855620590432486, 0.05255845707138351, -0.0481180430870596, 0.007907500025216042, 0.09733061827085153, -0.005650156166761039, 0.03714112040622929, 0.07008344047316943, 0.04655603906722462, -0.05405871208372408, 0.037378740303789876, 0.06756945946497558, -0.02369855669055476, -0.04544327299775346, -0.05471358728070394, -0.035059535396045165, -0.062214871582253264, -0.005699315753791746, -0.09658219578471865, 0.00017219131395712829, 0.06901007913258476, 0.10304888015659021, -0.05940040696058294, 0.08446196827389145, -0.005781193553608801, -0.058408816455454836, -0.0008875100224691817, -0.07498587112615905, 0.03930983339056898, 0.004422676459118852, -0.01019651715648024, -0.07742694249931252, 0.061039209816324026, 0.03251284273092871, 0.010784447087073426, 0.08040536732838784, 0.04381042362506786, -0.0015996769464717338, 0.04351717094923575, -0.06383075002099453, -0.0182575666699297, -0.06775013873301804, 0.08736522512738475, -0.05928136588893322, 0.05074245543760046, -0.0254444528762868, -0.023512906078062747, 0.001079518387265784, 0.013975953351143577, -0.06379489425859432, -0.0929787412662599, 0.038709236470763145, 0.04946229700782395, 0.06991099307067813, 0.10755566893127178, -0.08067375741423255, 0.08396396102144352, 0.023275512961396773, 0.10510374318644694, 0.002517649074556069, 0.0465491664004841, 0.06884783835624847, 0.0014082074677849935, -0.03819002007420908, -0.07224429644416488, 0.06226580195916485, 0.09171506830053446, 0.0477682135439354, 0.0924951567628691, 0.005132737019815985, -0.06985656636034013, -0.06217559741270294, -0.0026933322669891228, 0.047836023256663085, -0.05188849837636412, -0.05755911731812641, 0.02581951894841357, 0.021018964301151407, -0.1028598864023613, -0.04823847711806299, 0.06934047174968602, 0.049913277996090535, 0.06374227340231035, -0.04372557869486003, 0.025161584832352667, -0.0010627753370753446, 0.058675675422056005, 0.01017954700246124, 0.0687857315229961, 0.09618938804874659, -0.10203241124026931, -0.04478943463590681, 0.0644777302965857, -0.06472533518649333, 0.08410567912383995, -0.017528588825603323, -0.06623957911283954, -0.06573815737813261, 0.05499732499065129, -0.002198564703040628, -0.0018004326380819129, 0.0887376265437398, -0.05394651026075964, 0.07952288798704216, 0.005990830526855894, -0.08728372916575418, -0.04723847749708763, -0.06431689494680551, -0.06545870543577852, -0.0013521607975900722, 0.07096732716858312, -0.07261969679499107, -0.025408056789048117, 0.06523037939518876, -0.0446186376033163, 0.07245698025057075, 0.008022376043402248, 0.08858793991912303, -0.009655093779402024, 0.03368636051769716, 0.04508186605880929, 0.09174648138239541, 0.05155408160668144, -0.07182258635597014, -0.016551515543923912, -0.005924492331166147, 0.061788751761082436, -0.03262155238545836, -0.09340883221235817, -0.018726178253169322, 0.0634910327803956, -0.09593795608513139, -0.10255666575964019, -0.04961831108605411, -0.058291897088440306, -0.002318218061591626, -0.04320650023709669, -0.07094888730082716, -0.09318636741097858, -0.08888860950880093, 0.03867238853398652, -0.009991363103877004, 0.08409477734219348, -0.012248968769927069, -0.09147688226794011, -0.05790817052032302, 0.05400609804885136, -0.021961619385063164, 0.06490272012094776, 0.09687773717615346, 0.08366796144222204, 0.018710487718150755, -0.012592227517034899, -0.034575893988758974, 0.05256534092933339, 0.09220694301906575, 0.02745722953405765, -0.002011439356128018, 0.07149127992931366, -0.10738655456406333, 0.042402218086195334, 0.00027597322863215194, -0.08880665747285153, 0.1061983049204706, 0.03523753838988362, -0.10645406845637158, -0.009624202942566891, -0.01650881572009743, -0.0711489287282079, -0.060691283446464704, -0.07981747363781791, -0.010161337487005904, 0.01794468912060352, 0.09077060114439454, -0.10051783632751811, -0.055367168744323486, -0.06630383980891089, 0.058543787600925025, 0.09662593675596465, -0.0709726323376178, -0.07836903637967574, 0.0010313701484159835, 5.5092703981089094e-05, 0.06694522155020477, -0.05284295764334198, -0.03101639813593347, -0.002637867984820514, 0.09232694127770423, 0.06650925375400629, -0.08873275927682993, 0.07144422314309003, 0.014320496913721588, -0.08738126777375423, 0.06649126758962563, -0.09987915392315688, -0.03660750544207061, 0.0473714265393224, -0.000549936166893524, 0.0023596475053347535, 0.04939869854413857, 0.007103303643755603, -0.09642631821765613, 0.01823919102797679, -0.051269244028358654, 0.03368922935260541, 0.008491167019788245, 0.02253710072840784, 0.10033919555112654, 0.10548964717191336, 0.006185136893795422, 0.0018123778896967145, 0.06045371152568332, -0.07510573298832014, -0.06522329649313063, 0.060961194791630355, 0.00010923882387528856, 0.07064191884957842, -0.05992720726304929, -0.046316520351154356, 0.04709544955047591, -0.09986654686950829, 0.06912700780707814, -0.05841218278794096, 0.08600272203499582, -0.06377165958043383, -0.06263740254839645, -0.0331867712101263, 0.030805490444911415, 0.0328176016809156, -0.05017891592455308, 0.0877112706516171, -0.0746454453293555, -0.062049124771704614, 0.019372532182707188, 0.03774934904263097, 0.07680018906878483, 0.007591854119694978, -0.0695866195762456, -0.054967106736020815, -0.08111996384850675, 0.09715471792117296, -0.10284290026425096, 0.10060493414488325, 0.09246633755385164, 0.10036830296999132, 0.022228772213748707, -0.006873208669461228, 0.08286966392883957, -7.423072681048359e-07, -0.032527401244199124, 0.09280368304844168, -0.0770030346042125, -0.05650009621145533, -0.07656522227949958, -0.06329722480097248, 0.00629730958055002, -0.062024553214993984, -0.01169670306201268, 0.023835239647269982, 0.07843751675064416, -0.06569379321230757, -0.051573379396952224, -0.061418662584395045, -0.04541150716057674, -0.04910092927551512, -0.08531296366226836, 0.08878435527833062, 0.05441638564037541, 0.04572917115551846, -0.014114695054884044, -0.09014290024551162, 0.028952297191948407, 0.0037566206296832734, 0.010590950850894766, -0.07824850822113932, 0.05594703801874313, -0.02367280121650755, -0.019070493650515986, 0.06651882386691546, 0.05116301147080341, -0.015049632110137542, 0.052009915322950274, 0.051290633899330675, 0.06697551968814301, 0.00843079490747017, -0.01841084658885638, 0.0610750291022271, 0.051135691326443786, 0.08675071334305144, 0.02177988657087892, -0.005081417383909777, 0.08947328088308655, -0.007988173328961252, -0.005440259052714805, -0.00843704981862337, 0.015888213347956072, -0.05508431214643403, 0.06614608682191933, 0.05092360175484365, -0.09998096410471814, -0.08845728602214357, -0.0006580247523382072, -0.007571175546996489, 0.05448870601187763, -0.04214239501748803, -0.04685246242389419, 0.009259019532134694, -0.0207903445292477, -0.04919778317336819, 0.07369253189326502, 0.030704077370147652, 0.04480625748358649, -0.09577825338701397, 0.050803398411235705, -0.05538807887964712, 0.043728344091586345, -0.04138248206221216, 0.008192125604488273, -0.03334699406041409, 0.002456558772596925, 0.0043989605872999035, -0.0008241273633266037, 0.05585777101142757, 0.05797309778636115, -0.004018806742276701, -0.06836923594298033, 0.07855533999729147, 0.041325426683580815, -0.06686572154063004, 0.060858920820682554, -0.043963379694281365, -0.06920276533286157, -0.09541735239114765, -0.10456994336792423, -0.09011917160487798, 0.05086604152459683, 0.09432248136482564, -0.05099178179582467, 0.07368114378971392, 0.021204398946559837, -0.07430459312289331, -0.02530859041987816, 0.06973653056336197, -0.08676945436563557, 0.10565789630494204, 0.05600353997557242, -0.0959445025346219, -0.07795138173641096, -0.06590294715817493, 0.08687442201774, 0.08688933783941225, -0.002455650868520186, -0.06872390250744187, -0.0813817658044677, 0.07683554146117674, -0.05718256145950326, -0.017612281795094952, 0.07423053275822286, 0.06204271959703785, 0.0515767180458643, -0.054644782977287316, 0.00875576404592723, 0.04963935460483087, -0.07588329439587174, -0.06871874087060637, -0.0011625883042063205, 0.007117410886371834, 0.05215041181295836, -0.05139068494039717, -0.043391408714088434, -0.06453692340437234, -0.04588544532682456, -0.06518421804861338, -0.023229751595358807, 0.08880802898616401, 0.08375366655693174, -0.010272782817716233, -0.06804384043794455, 0.00259699051119396, -0.0023903567868179044, 0.05711995074511273, 0.00400155825833316, -0.023775903786727157, -0.06583124897975696, 0.07100196299690996, -0.08821072372549833, -0.10734567496576941, 0.05589161302869163, 0.04654868691982055, 0.05858592904253819, 0.00028008830403942233, 0.014961546749452645, -0.06666409270265729, 0.05401675516693103, -0.08158685916221357, -3.223512015223132e-05, -0.0007032349222485166, 0.07574244671092788, -0.06695988749229494, 0.026349691358809754, -0.07699600031572149, -0.07033210158482228, -8.89871710937015e-06, 0.0019102286678881121, -0.08876167765085569, -0.05762033803817103, -0.005030238872376736, 0.020087776686932728, -0.022889864720112483, -0.10269695857340512, 0.014274610572914915, 0.06522727972063329, 0.06220799411450388, -0.05650245607398719, 0.06285379864239604, 0.07056347763523814, -0.038055113915204386, 0.0013106311092584751, 0.05314687032868409, -0.07485391523498686, -0.03429048045822738, -0.06420955227192916, -0.0720381754659977, -0.0009128378423759222, 0.09784995859616769, -0.004723718388973996, -0.05189989763585453, -0.04135918863876202, -0.10701503317811804, -1.0249736425479982e-05, 0.05243151541593988, -0.02964484755036222, -0.05749560676481682, -0.05258174540932226, 0.012990379709729822, -0.09161704250014845, -0.0760998370657407, 0.06038229500827002, 0.08983525033048056, -0.0009453704515873659, -0.05392185874917574, -0.019315212294779872, 0.06680274097759398, -0.03482436668598292, 0.007608861351087762, 0.07655574145082046, 0.0048657223936044, 0.05294118978419141, 0.03963893689610385, 0.019122515407804196, -0.0789264084117002, 0.005952250884387592, -0.07713601267996527, -0.05961133674389485, -0.06174970014442565, 0.007327108048282405, -0.061746497553610495, 0.06749337140049075, -0.04133439915918815, -0.0834193575008417, 0.08484770074022556, -0.015083386235761212, 0.08729613787931154, 0.022244908674651617, 0.07505941989151424, -0.06449695882055895, -0.09659733241500301, 0.07070136178411315, 0.10496065151889937, 0.0029751144730904224, 0.09047734252624143, -0.03215128857438317, 0.09736241449758729, 0.05025045404642638, -0.07732028726155238, 0.04821233238763827, 0.04015796260614921, 0.08800509492943098, 0.07956441967651266, -0.0679118212459246, 0.002193944236042255, 0.07250935325052733, 0.00311958703303241, 0.05956492472923461, 0.06401904398404093, -0.05678729956604454, 0.01293025818095659, -0.05710469783177024, 0.016373986768846258, -0.037685583380791456, -0.049265852650238584, 0.05930187124476698, -0.013439735042876022, 0.0899336980741257, -0.05714316826731852, 0.10715597969973513, -0.0817474194728398, -0.01363317868054163, 0.04166850072232658, -0.10076078087119725, -0.10287824635698763, -0.0017247365030168096, -0.045145447861907495, 4.240274545909782e-05, 0.033893820570597824, 0.10369285148880762, -0.0905652073883203, 3.1378532066163396e-05, -0.029920314965363345, -0.020278799061825798, -0.06706969526967005, -0.00019651079040617576, 0.02301998902500541, -0.002028649539645477, -0.06470193646565785, -0.08370688902914215, 0.05760699609335516, 0.026429704081297488, 0.05408133657255288, 0.0004032067901171368, -0.052006943616148694, -0.10527772649910326, -0.00964315805315561, -0.08254867782635689, 0.07640528785897696, -0.026094376536749547, 0.05058434978066567, 0.04456744448762631, -0.028015777592932757, -0.057206104635008616, -0.005077627107918546, -0.09068550713855454, 0.06846426588151745, -0.08405960488678428, 0.07094464287069316, 0.0038499360799625895, 0.10220166683943809, -0.09957218538589437, 0.013225728661486656, -0.05660261577969092, 0.07560893522974241, -0.04205901718870376, 0.029700320025694577, -0.06067489094867475, 0.06417877586052555, -0.026114045573678076, -0.046302904788136874, 0.09748922397426193, 0.08012534224110425, 0.00864818135651613, -0.008754172049197739, -0.09201677322961954, 0.040885219863530727, 0.06494933005757104, -0.07676224000814358, 0.05454363010926882, 0.07289077870450245, 0.09720022549006994, 0.05079171713953778, 0.00016080628111874145, -0.07742945260569406, -0.08158531081930968, -0.10396948795219765]

------------------------------------------------------------
Sender: LSF System <lsfadmin@c29n09>
Subject: Job 3505941: <python gr1-ly1-w2-hw20.py> in cluster <njucluster> Done

Job <python gr1-ly1-w2-hw20.py> was submitted from host <c01n01> by user <sjwu> in cluster <njucluster> at Tue Nov 24 17:45:22 2020
Job was executed on host(s) <24*c29n09>, in queue <mpi>, as user <sjwu> in cluster <njucluster> at Wed Nov 25 06:29:40 2020
</share/home/sjwu> was used as the home directory.
</share/home/sjwu/wlj/project/3-layers/grad-vanish> was used as the working directory.
Started at Wed Nov 25 06:29:40 2020
Terminated at Wed Nov 25 13:12:38 2020
Results reported at Wed Nov 25 13:12:38 2020

Your job looked like:

------------------------------------------------------------
# LSBATCH: User input
python gr1-ly1-w2-hw20.py
------------------------------------------------------------

Successfully completed.

Resource usage summary:

    CPU time :                                   576058.62 sec.
    Max Memory :                                 11971 MB
    Average Memory :                             11490.29 MB
    Total Requested Memory :                     -
    Delta Memory :                               -
    Max Swap :                                   17592186044415 MB
    Max Processes :                              28
    Max Threads :                                607
    Run time :                                   24177 sec.
    Turnaround time :                            70036 sec.

The output (if any) is above this job summary.

