grad_list=[-0.0226037578543241, -0.0024229527123640605, 0.01721956217448808, -0.03660202501776559, -0.059872742141029105, -0.009664317808198652, 0.0727743246687609, -0.011045095895142533, 0.10704212178047842, -0.022118152816085982, -0.04646631179728165, -0.03705750441971273, -0.05691176898875636, 0.0265383094939444, 0.06721588017752818, -0.04006253399200435, 0.08291684368349546, 0.000837703600966043, 0.0005837135479668422, -0.055343196728475465, 0.05973453880557188, 0.06556792825318505, 0.06588588911569991, -0.025166967174024543, -0.0006531841483789293, -0.025299470450567886, -0.04973970697870028, 0.07349249557205087, -0.07914169962840899, 0.06676038621597045, -0.08442101440057287, 0.049075113662320445, 0.04445239725584264, 0.022124370774663088, 0.06271416829521724, -0.06085353638656658, -0.01100211452542173, -0.04053906277987205, 0.06930079199058152, -0.09605764614202675, 0.08761216065605673, 0.07541149527781726, 0.05235581472181028, -0.06551718486140046, 0.09149896819097454, 1.823400693880466e-05, 0.09222395208661567, 0.06753090438908327, -0.07086443045500328, 0.02422882375929041, 0.0368486401268579, 0.05831643958869932, -0.0949182174182136, 0.011482317001591342, -9.240559586177359e-05, 0.06075089430810703, -0.07025078733307594, -0.06169801484868356, -0.048316788437757864, -0.016159210447876708, 0.07531300785817945, 0.08371505173018734, -0.045684627766049916, 0.09631145928595317, 0.023056724547670524, 0.09428125587737946, 0.06493792300134227, -0.07948259016748523, -0.09166987518333172, -0.027211385036858837, -0.08222283551372624, 0.021871332200661415, 0.008618143068501819, -0.07330363476832456, 0.0025309056625396928, -0.060309304478849364, 0.043964036478789645, -0.03637681240212208, 0.0909630770450658, 0.02099684172730799, -0.054894516374624905, 0.047449725780724206, -0.007127729615911657, -0.00599751094196395, -0.10241081889174933, 0.03722370006799528, -0.05603353339284242, 0.10113531298976716, 0.0011268806755835173, 0.004663365613434737, 0.025979165671282483, 0.08424661917775897, -0.06245387865747156, -0.06108729566577251, 0.05664308664887457, 0.06199457819195249, 0.062002860139661095, 0.06325034014615419, 0.0006417646200783398, -0.07047386592725802, -0.08784741860996918, 0.02147378143784368, -0.09423903628185633, 0.07018890103563817, 0.027815042377553716, -0.08908179030703471, 0.08589098191309834, -0.08881062224511375, 0.07603222469525373, 0.09229741061561499, 0.041110660759727476, -0.10236419143640299, -0.08932614217794554, 0.05458683723386647, 0.01865614948203877, -0.08405225086242737, -0.06597524435047702, -0.04949242320056038, -0.01836396550547013, 0.027722481851476976, -0.04388058893234474, -0.04959150956912518, -0.05862294827818362, 0.1009809467870935, -0.006089267097484745, -0.0701039673354581, -0.08449217011266676, 0.006712147559120985, -0.05305033318433252, -0.06814996256601334, 0.011104472051691468, 0.0043625315693596465, 0.025128099167426494, -0.06336104681143533, 0.05484321964556289, -0.05793901867909034, -0.04971656609584619, 0.014377475778822086, -0.06751510614327622, -0.05924405579603298, -0.008597189093169585, -0.0372359987836204, 0.05691163244000017, -0.059336569009194824, 0.004811825840369036, 0.08917998501325529, -0.06723273463059064, -0.09002105596809926, -0.006457717554511557, -0.09599394951661443, -0.09360213035418419, -0.021146503150883515, -0.01490576778162151, -0.07743736912466472, 0.027723317025514442, 4.3072230119105605e-05, 0.06895608538413342, -0.047136321556461754, 0.08828181127121075, -0.017206311477348902, -0.08338143053170871, 0.06785222751878049, 0.08136451112924073, -0.046870854745581836, 0.10531113960233066, -0.053170969044669184, -0.07416766121106542, -0.060344181008739145, 0.07754755915843485, 0.0712098826237182, -0.06589764657533266, -0.05376466098179597, 0.06381523072333463, -0.0024364042678961797, 0.0018134004653403172, -0.05486263352022867, 0.06927650261159657, -0.0827217615123956, -0.08070128414155402, -0.005216657216542877, -0.0554494848345124, 0.0741517010860768, 0.023894837855477063, 0.04740680992220905, -0.002273771230227651, 0.0562656468831351, -0.08876446170945261, -0.08272428706298264, 0.0010128026503076607, -0.0568624061124951, -0.10346406353232106, -0.07310762920163305, 0.0018100590144658074, -0.06015707028692001, 0.06917196877518703, 1.34426330817681e-06, -0.06041488064908381, 0.018140565016703403, 0.0005379431716797113, -0.09806568333974829, -0.07353065277398083, 0.03010242138097386, 0.09545161614657316, -0.07864766060491798, 0.0820599997848039, 0.0882168426122165, 0.06174313451962283, 0.05571792115416307, 0.09238917742558511, 0.06799260488039813, -0.0009382296916267221, -0.05171337419228285, 0.06344081452754395, -0.07760249412541517, 0.07627981228979, 0.10342004575672363, -0.08506254068390871, -0.005575028934947069, 0.049711667859404944, -0.02182990290358842, -0.09384236498590384, -0.0058715502793720824, 0.002194606190487712, 0.05195194588307792, -0.025685650313099297, 0.06214365158923027, 0.06766837753825285, 0.07406178600631903, -0.010704470927165177, 0.025762657318391752, 0.06227500457104364, 0.01971395188387573, -0.06776093737930484, -0.08033924545200669, 0.000662946398891565, 0.09389528739633297, 0.07324210635514572, 0.019650588248921616, 0.015887778184030962, 0.0645034488512755, -0.08671503947573345, -0.062457473540067705, -0.10555723423612344, 0.029726327079548837, -0.013348712145485398, 0.004338689732229591, -0.05578886986907426, 0.06941352049830554, -0.05857458494550498, -2.2890402900238345e-06, -0.07302084893975051, -0.07429126642703776, 0.08768757913768681, 0.04003470131402149, 0.07315300455199018, 0.06395956551309175, -0.003711318343197025, 0.08948037013118482, 0.05925570453647286, 0.04929086556551693, 0.0028596964399722467, -0.0046789342908975405, -0.022933089390562482, -0.07793408507149217, -0.06384364754985898, -0.0721295808163015, 0.09732582733463287, 0.026235415329424177, 0.03124802309130651, 0.06505522121693104, 0.03080994333598994, 0.08271542060573661, 0.003247300368683474, 0.0024358221009749196, -0.09437932882621745, -0.07254403994137874, -0.052497506634866103, -0.10602129244686669, -0.06505330289348409, 0.058494821981931525, 0.05966913834671049, -0.04221688809308181, 0.07212683016470968, 0.00442092171542208, -0.008291548525848057, 0.0828852222716086, 0.0702818899121687, -0.06913121143944305, -0.06340145152737917, -0.06239339869224939, -0.07910387285498513, -0.024509787953299438, 0.092860556981996, -0.0626214962509901, 0.008004118849772271, 0.051580322174696235, -0.06404980132015066, 0.10609819534021714, -0.02667596163395613, 0.06176335206318093, -0.0050078589376556905, -0.06787020237542633, -0.07660958817778543, -0.06078447641150472, -0.01759910797999142, -0.06406784805484378, 0.01668154411724253, 0.06604241392623554, -0.006691291720543384, 0.001390883193087415, 0.00033469307834566335, -0.0009007650797999804, 0.07009256477778561, 0.05188006076543254, 0.006292127045133687, -0.001808679003948167, -0.0768924732447039, -0.01723310976103826, 0.03959094024863309, -0.06389298973081893, 0.08423101356189877, -0.0965696110881593, 0.10286273849673355, -0.014484416834231307, -0.062487114910266615, 1.9774197596907013e-06, 0.02672330306143964, 0.033920533210593205, -0.05555390673403276, 0.08506115507650053, -0.07934975315552291, 0.000648086191907363, 0.051380621133363766, 0.07050657350713525, 0.07156432665080927, 0.03533672145419461, -0.015950635132885423, 0.00845453630335984, -0.04072332486113004, 0.01266918320485577, 0.010132628995468832, -0.004530835421772919, -0.057546882888389383, -0.03111417934332725, -0.0013284461171366995, -0.08270301901875682, -0.004926826660668818, 0.07835662162252864, -0.03651541662766343, 0.08328583477780169, 0.03748072489867146, 0.09363849619227683, -0.05159475063293638, 0.008170230799682595, -0.0597018787057453, 0.00489702591337348, -0.07637850211387383, -0.050012432193254665, -0.06980731423826196, 0.059158343422357054, -0.07103506155766093, 0.03071920938337977, -0.05466103654835479, -0.07113402065859807, 0.09455231103845939, 0.01226043608014757, 0.04781937855938839, -0.014181962636920316, 0.06335490473447482, -0.01887835620670068, -0.005880097609591254, 0.031703710468341695, 0.0377199167203503, 0.046970845491332625, 0.0994289103927809, -0.06466719207661648, -0.03798445913588394, -0.0592914003469691, -0.10627844515933763, -0.05044478813982008, 0.03831519749121117, -0.004264411571916805, 0.012707955533183738, -0.05285103732300919, 0.027134112270281424, -0.07799473129555413, -0.012761260741170764, -0.06273914649860554, -0.002705862895287039, -0.05485217465423375, -0.06386802091718004, -0.06077270527817641, -0.07050184916900248, -0.06779926895265609, -0.07008705531722184, 0.03398434138588906, -0.07700454879625165, -0.05621445887606108, -0.06398187238215722, -0.0031593272447349237, 0.07488263898511996, -0.07632598797634738, 0.04639955396286477, -0.05412968763105272, -0.009193240431809514, 0.002296041478135373, 0.03274532485081339, -0.0847339448531818, 0.04388819375239574, -0.09091332096093374, -0.0020578283900793, -0.002757413599021608, -0.0016807434954092084, 0.0767063712579155, 0.015976596418614313, -0.00770707138306874, -0.053001568012342945, -0.007310122101729411, -0.09153194984980532, -0.02904776374220211, 0.023348568934027664, 0.0655132569684238, -0.10524706556913883, 0.09234467371423931, -0.002613410133782645, -0.0112847694311926, 0.10166175995773272, 0.008880004486319582, -0.0790346172080665, 0.02958158500128218, 0.04672923994495523, 0.03495302551239997, 0.0636289675202562, -0.04708833951984895, -0.06957253886555448, 0.006551376716428262, 0.020163223954054288, -0.015588299658078432, 0.07623273622298948, -0.052897927518345156, -0.05425954286321157, 0.04489681546460198, 0.05706268935142195, 0.01217769163681501, 0.01883091387748287, 0.06176893856806258, 0.06900221411020524, 0.06153458867514919, 0.011659287596825574, -0.06540660095309811, -0.047584350092471056, 0.09117085558720014, 0.07114468823310478, -0.0015022377017774708, -0.001157966025328572, 0.030911799302257004, -0.0396666944184198, 0.03721905912677273, -0.06097700704700791, -0.0007804072205807479, -0.07247418836526258, -0.08725625585229226, 0.048295191244713556, -0.06261374667352704, -0.03703004479461209, 0.0211277440001143, 0.04532512275378919, 0.07360765437341532, -0.04734152508168314, 0.02689812019366593, -0.005222159923681885, 0.02093252605661857, 0.00036873904992996065, 0.07504186377515362, 0.005676291232374362, -0.00036651100806200736, -0.011666747687754919, 0.09435714713377871, 0.038618672663907894, 0.06534473341260304, 0.10421540247926635, 0.03988472352448277, -0.0159328049815344, -0.03602935650790405, 0.02984595542112045, -0.0003414569095508696, 0.07755670397325701, 0.0034640188181850606, 0.026328428931142372, 0.06930026030447534, 0.09130784000959315, 0.014279713743886792, 0.05109074960289043, 0.04631472394251302, 0.025769348969686034, 0.0742963878611199, -0.07250312911680463, 0.04067413468665661, 0.035709817502916734, -0.08441682465662055, 0.047786115595745124, 0.060422169565708235, 0.014232189293213437, 0.014033495659660517, 0.060347050165853414, 0.03093461740107209, 0.10144806406685798, -0.04960073373618159, -0.024308788595344244, 0.04061010206111313, 0.002156939429836342, 0.06745677899686386, 0.0897058569134631, -0.03031825175709064, -0.09239277953163857, -0.05145898209781989, 0.06188124600062237, 0.07013960235863222, 0.0006765332108556522, 0.022033439140904627, 0.07577016627292284, -0.07152566940901295, 0.03802782644571843, -0.06574485688139864, -0.05392999035858141, -0.004836252051403021, 0.0416989200562443, 0.04305818768842123, -0.008548321959413994, 0.0456351364561504, 0.0017281552588859605, 0.062342648006859125, 0.0037099975041930827, 0.026432061182841183, -0.0001626836679171631, -0.07972267984569713, 0.057077039731255524, 0.053302724271191, -0.05723105193682371, -0.08526425227983266, 0.03906631524070478, 0.06351043703083473, -0.013130613056467604, -0.06739413511912194, -0.008032083294170359, -0.05723039585019117, 0.007226064459920356, 0.07746586849817123, -0.07978375126713225, -0.027573867867634775, 0.07219390034457236, -0.013507063602213107, -0.011765689933213056, 0.012330015378326151, 0.06549255005738469, -0.06681043349688386, -0.06668170115950703, 0.0018035415143445054, 0.00028350401090353216, 0.0017909143676784292, -0.08191531029716745, 0.029053108670027673, 0.06229768273255263, 0.048125073994643504, -0.06970342384590564, 0.07761248860465343, -0.0001372705523255278, -0.060313537438131753, 0.07487641976733013, 0.048544137092513734, 0.015828375865932325, 0.10498846697060961, 0.040237631034406716, -0.06648841803301205, 0.059227162007731766, 0.056560418115062176, 0.09437732510968094, 0.04687916215641426, 0.03760162613464451, -0.012827557161845013, -0.06519459546063452, -0.10452490648411648, 0.006756853314153868, -0.043794529799631304, -0.06562810481424468, -0.0006110009537932642, 0.022444992179094365, 0.016805272280623743, 0.005562213765735224, 0.0008240669041227463, -0.08398368670945743, -0.025609626467123232, 0.08628708182114407, 0.08029157830216394, 0.0005244624263424779, -0.059497879237691474, 0.008601627860230679, -0.02747397111681467, 0.045419155302976216, -0.0024131140712780066, -0.07274435205873772, 0.0643592130098638, -0.049475371199763175, -0.06269629233136056, 0.0889692214002357, -0.009808599154656861, -0.06845492936712677, -0.03508887322840535, 0.039364064974121635, 0.01571862167043336, -0.03166228280191882, -0.0008061070869686559, -0.06055250619064414, -0.054466785884287196, 0.01491930975667998, 0.05421264274683415, 0.09962575700787286, 0.06170812904016992, -0.008291528398285128, -0.02313908640526292, -0.06055099628437811, -0.08383347227331439, -0.08416086325202574, -0.07181444112750288, 0.0016905542805967836, 0.07323738119500373, 0.050698977183128296, 0.10416023120340273, 0.021987620580366612, -0.0009427871729302017, 0.06243187405022991, 0.0023001893317625495, -0.056498914077839954, 0.05149834381859572, -0.031026929813458892, 0.057547290047324194, -0.005249023762673054, -0.056544477631557295, 0.01147935168704985, -0.03266799398479351, 0.08449436484475219, -0.07455398595565128, 0.06610396970006845, -0.012221886383022691, -0.08085723042654784, 0.08270767905004425, 0.000489492618071587, 0.012796351103832362, 0.0913821434578875, 0.02196334372084205, -0.05419040344453142, 0.09080278249822814, -0.009007617573003534, 0.025176747688983918, -0.0751730732937274, -0.09929349765990952, -0.011619470312909906, -0.09116441460996869, 0.0017502330521988712, -0.012478173165498508, -0.06881322648181173, 0.08382496280293293, 0.0643596376029222, -0.05397049146227147, -0.000254296025285208, 0.003725064904542634, -0.0006966209869493946, 0.08056141596894788, 0.037207433312535385, -0.05100005542077674, -0.07181796947685021, 0.060659966003519056, 0.04537053754386905, -0.098095374840211, -0.04732892055045574, 0.10672841655101395, -0.05294775809847718, -0.04680193827060969, -0.002416171196857478, -0.008531964850946601, -0.012337737712196236, -0.00105829452676333, 0.020806008518032965, 0.07057087012166599, -0.006243031625571736, -0.08659728115165836, 0.06348833831143567, 0.06767706342102268, 0.04274073611554509, 0.07290260738699288, -0.07301473243519781, -0.08297484927276515, -0.0631950903575555, -0.041497114858083474, -0.0807617422422255, 0.05760433084113782, 0.06576837226863706, -0.031707739647244215, 0.020673022855842355, -0.05972975596950364, 0.06937883728148744, 0.02308384865264892, 0.016893835000233334, 0.0011519639873695826, 0.09660283463427397, 0.10233601443417639, -0.044053418223286775, 0.05294468060596501, 0.08387005170911911, 0.028428800706646246, -0.07157946780292966, -0.05715322096402872, -0.022964308439167108, -0.07021139724916207, -0.05248609249106631, -0.05170605202784242, -0.0024840597434154705, 0.057376455658089444, -0.0613217948670327, 0.08011693141384263, -0.0867344624515532, -0.00868267421002174, -0.0967539286312073, -0.08398523655329386, 0.0685764238620508, 0.08979974428634181, -0.0657113986608856, 0.06342901633550492, 0.05775409395302987, 0.10310648516395711, 0.01383289232731057, -0.016617891358033127, -0.03817091105711262, -0.006491998915995058, -0.0788809029451316, -0.017481604645946745, -0.06428839407889889, 0.03767007762356379, -0.041112604589420586, 0.021792497964686252, -0.03937838611587279, 0.0637336181054475, -2.5765510708801724e-05, 0.08856830688725786, -0.04753386744915805, -0.020034221430279053, -0.0654914316216315, -0.09953140607993158, -0.014142235852231903, 0.0430452201904728, -0.05079327611939979, 0.001393146429987759, -0.06618109593789584, 0.057494717999190925, -0.08712427542448827, 0.07743332545798276, 0.00014784291592818507, -0.053703103532041975, 0.0440229069767697, 0.056471787583858055, -0.04179857719249855, 0.05276952236287133, 0.005874095835800428, 0.011238446994762162, 0.004533853626379565, -0.04622875840032352, -0.07225371667024223, -0.0029034175717573686, 0.02018119010640106, 0.07839826890133425, -0.0420885587543264, 0.04710517299469715, 0.04635875022785489, -0.047454576961956034, -0.011911569756621377, 0.07764835241457531, -0.08586836025649569, -0.00014704814567444572, -0.08325389613795242, 0.07028218896854012, 0.07989581918826195, 0.031330937556753764, -0.05191866261069983, 0.10006247177585963, -5.839714016846236e-05, -0.07945728977566778, -0.028764483873605758, 0.07870717533690498, -0.09741963245090701, -0.062007562812263876, -0.034274331398887414, 0.1043346177167493, -0.06518760187655082, 0.09364427177748419, -0.09923027171958514, -0.019133899195154947, -0.050138369501638545, -0.0002481675217740465, -0.0019095824310089201, -0.09080191786681335, -0.08527736614829569, 0.028214914390047408, 0.009009780625426449, 0.06736133634849975, -0.00044544858991863, 0.034145798245879405, -0.1052515049470497, -0.05128552208642835, 0.060749872113935025, 0.0693631225892952, -0.028206681058470462, 0.08821105433977044, -0.0035871460410414786, -0.09471238790651154, -0.004608999787933617, -0.07170154732524821, 0.02136536800951282, -0.06407544384776953, -0.05896555733887937, -0.08403741862731191, -0.056806699121441234, 0.024284305987116873, 0.10167075007553633, -0.08880685272348086, -0.08904072534934629, -0.06282116947222942, 0.00894464839537633, -0.09533810209375253, 0.07702015148122403, -0.0024101803997211672, 0.0007824171803731251, -0.07574254759292155, 0.10414978450869676, 0.06613519923785952, 0.02453115968024546, -0.06619196219244314, 0.005462171494317767, -0.01220992851644741, -0.06777654927458561, 0.030939283328171256, 0.05230852674163731, -0.05562585378528231, -0.012128571410469665, 0.06417390579563426, 0.050942092677982075, 0.041897684374915395, -0.07320961976071916, 0.0700040747782416, -0.04813174424392084, -0.050684011351681296, -0.04771265177269321, 0.008363383165942586, 0.06543205005695349, -0.0015012190118477988, 0.05159963332660746, 0.10646123503640749, 0.03398054887176352, -0.008604004995219761, 0.0329775078427694, 0.036523499636763546, 0.07612036731974241, -0.0880793870340841, -0.06403383033959076, -0.0640741602471283, -0.08675847172278109, 0.05884508633347193, -0.009889374155066738, 0.07458379623334077, 0.06267815024373688, 0.00032384768714021587, 0.04493970701340107, -0.03499339568322288, 0.06422022863482639, 0.05285880784404549, 0.026385943719048986, 0.10538652915331166, 0.004600817964091344, -0.02042840978104209, 0.06837955130831731, 0.04649692818898412, 0.03159789572703779, -0.08856616769117061, -0.024144784716722212, -0.08580152717000279, -0.0006324056012466681, -0.034226175936960625, -0.09353067222404375, 0.07749650689340087, -0.0008549554901177006, 0.059242637435659364, -0.060614939902369776, 0.05566679546678517, 0.06588585800802842, -0.048258482726417605, 0.0453085128319599, 0.057719375644117527, 0.04162506592415264, 0.044914769493307874, -0.06553021935546663, 0.06301097376284308, 0.08948453901194867, 0.0760485587588201, 0.05517927062091013, -0.025842795433306337, 0.05795380645554633, 0.08381219590272374, -0.04413183972280827, 0.05081977744503282, -0.07984688407843646, -0.06739946031863554, 0.004342919826054949, 0.002212446397400757, -0.104848171329344, -0.023190682020181062, 0.0353831084224385, -0.037973101111450615, 0.05534845832026796, 0.028967832396224316, 0.06158977820997675, 0.05290565456688864, 0.08461157935013328, -0.004816278778824085, 0.04597003096486368, 0.00030718190816158924, -0.05200108284995226, 0.001266592078446115, -0.04913105010751255, -0.018468391297481186, -0.056744144272981516, 0.06745596534977788, 0.0008989542031277683, 0.047600083233040096, 0.05941640343052444, 0.0002123139077178206, -0.09642151403273853, -0.03667501349583395, -0.05823701257752999, -0.05315843373226993, -0.06370628956255858, 0.10636633364405501, 0.030839152277340125, -0.05838235449425629, -0.06962534740467115, -0.05530111038328398, -0.011052281708751862, -0.018580268222205844, -0.018688469238308785, 0.014616071961823681, -0.056525972066630834, -0.06260922497297848, -0.0449945484223819, -0.005601097715830563, 0.07587323022835105, -0.01099331599555336, -0.005069977020794729, -0.09085900490296718, 0.04563518523353483, 0.047042904180069456, 0.02264518800030735, 0.0030813173585314897, 0.03402214010811766, -0.09695270007558043, 0.07563832566476815, 0.015604063704986909, -0.07163977808578492, -0.016143692544513796, 0.0012206959215757339, -0.03270804998212453, 0.004047551640386913, 0.03314386417159306, -0.06257248081794654, 0.044845806557336075, -0.07894820599119654, 0.072709017292553, 0.0193690852781474, 0.049840130738721865, 0.06539280726601619, -0.05981269036344637, -0.0634129135736932, -0.011044120950762631, 0.04867734935113636, 0.016298472237469604, 0.10343764001180877, 0.04954159181196137, 0.06635490751005894, -0.05084863630650558, -0.0687570383665796, -0.07611591247410839, -0.0518304808656705, 0.00035321943920316564, 0.026398253632319853, -0.0796290592004804, -0.06580596948491894, 0.046372891714420834, -0.08961707966952417, -0.058845992604941694, 0.048140576983702214, -0.09640227453561766, 0.013313380582738829, -0.015424407328564153]

------------------------------------------------------------
Sender: LSF System <lsfadmin@c62n12>
Subject: Job 3508990: <python gr1-ly1-w2-hw12.py> in cluster <njucluster> Done

Job <python gr1-ly1-w2-hw12.py> was submitted from host <c01n01> by user <sjwu> in cluster <njucluster> at Wed Nov 25 21:26:23 2020
Job was executed on host(s) <24*c62n12>, in queue <mpi>, as user <sjwu> in cluster <njucluster> at Wed Nov 25 23:12:36 2020
</share/home/sjwu> was used as the home directory.
</share/home/sjwu/wlj/project/3-layers/grad-vanish> was used as the working directory.
Started at Wed Nov 25 23:12:36 2020
Terminated at Thu Nov 26 01:11:12 2020
Results reported at Thu Nov 26 01:11:12 2020

Your job looked like:

------------------------------------------------------------
# LSBATCH: User input
python gr1-ly1-w2-hw12.py
------------------------------------------------------------

Successfully completed.

Resource usage summary:

    CPU time :                                   164974.55 sec.
    Max Memory :                                 6396 MB
    Average Memory :                             6120.33 MB
    Total Requested Memory :                     -
    Delta Memory :                               -
    Max Swap :                                   -
    Max Processes :                              28
    Max Threads :                                607
    Run time :                                   7116 sec.
    Turnaround time :                            13489 sec.

The output (if any) is above this job summary.

