grad_list=[-0.013177433788814313, -0.055402077445890555, -0.05862238909794868, 0.04533649596496741, -0.008035026786133498, -0.06831608576668569, -0.03931779798596647, 0.07488724243429949, -0.03967715222374677, 0.07953010601304983, -0.03667436160139, 0.040571598863083494, 0.0718519743308127, 0.0627409700680933, 0.015017012835039204, -0.011434302573507209, -0.03726162257545006, -0.056831669478556786, -0.09247347708363905, -0.08496451875871353, -0.06466716878027151, -0.04456427081304676, 0.06641560902279367, 0.08920189416677003, -0.05414773284234444, -0.07742196739770309, -0.0002441924964037921, -0.00017056007218202294, -0.04865316356982755, -0.07952198665981029, -0.010958704267049247, 0.09579170359678638, -0.0008740231104843868, -0.01001791798749372, -0.06971890747893657, -0.06782019829969965, 0.0277805046134334, -0.07190240579887662, 0.02604568963992163, 0.012509301451427873, 0.03981717196885113, -0.092722747419365, 0.05329880553272404, 0.018372876656678187, -0.015880757211597124, -0.08782474026884113, 0.019508249567896114, -0.0840091073916992, -0.01119374101588493, -0.08875627077626032, 0.03273725165817285, 0.05417841553814655, -0.0015208011662256004, 0.05823473836705582, 0.025950792884958426, -0.03354847319014238, -0.045122661023170064, -0.004794731870026719, 0.05071279307537886, -0.01760151511164052, 0.060759313716561014, 0.0748004911509825, -0.04282545650979172, -0.02258847712001595, 0.0498395856705662, -0.013499234505301655, 0.0024521860541807995, 0.00020331689415874343, -0.06912070014927718, -0.05102870474379134, -0.07910819462809811, 0.03166997847025409, 0.059703216169094415, -0.06264316950063585, 0.007361672160737717, 0.06523270066429687, -0.0908332008162227, 0.0809482224652052, 0.09152166528003729, 0.06990064290539516, 0.10590470335763355, 0.09030517313045587, -0.08191932522034458, 0.059342910472587274, -0.0601090888929551, -0.0855311721737958, 0.055891838937530386, 0.05380797182833431, 0.026898287954373417, 0.040718938204676335, -0.05005966066963946, -0.01770075162859398, 0.012988745065384767, -0.05353452115993077, -0.03542437781691995, -0.010261518387990906, -0.023631757111053166, -0.05863231506780433, -0.06275769695234355, 0.06647962028428549, 0.07285626430718746, 0.02303511646858871, 0.007762433350125423, 0.013838215456694348, -0.008094432266249436, 0.03976414152066529, 0.04906522926402318, -0.04981184373792225, 0.0006600286705719092, 0.01086790084057321, -0.013068225419697693, 0.059898227823439266, -0.013678386972221157, -0.09046955980156962, 0.107278879747547, 0.06152131624999669, -0.057642983066488664, -0.0009822959378225935, -0.046848476498309956, 0.06477400120495876, 0.05452429230789768, -0.07992531381856847, -0.053903077827513635, 0.05698538013020514, 0.03054164118089295, -0.07977868834348348, 0.08347315002480127, -0.09300352357627166, 0.0314953182340405, 0.08818276445219814, 0.03279519453847715, -0.046714652904643474, 0.04826479313125672, 0.0728751420518432, 0.009481461734384432, 0.011069645588996053, -0.0346373454782871, 0.006120551375541093, -0.06587791353807504, -0.04536229313557966, 0.05691130093161621, -0.0014243089043151252, 0.053188413099183984, 0.019731448321194025, -0.08155691981832938, 0.048958431163187904, -0.08919790292547825, -0.06945056233285324, -0.05019047555677261, -0.054884135400856474, 0.010784667619403308, -0.03905398635056361, -0.07983855274660243, 0.005806897431811127, -0.08749786171102487, -0.08523981193570804, 0.04368717741554545, -0.0037005100220387603, -0.014763711526271822, -0.06993984122647996, -0.06059085987910401, 0.02389777641935743, -0.07098429976277885, 0.026964838974801515, -0.06734501547670102, 0.06519302750091553, 0.09209354540047328, -0.04253346568714774, 0.08922281762891468, 0.005009585692116378, -0.06614705350392058, -0.026004434892963543, 0.07843308056520072, 0.020059881766101084, 0.06662085237665111, -0.08483976789710757, 0.01941233156486712, -0.07933676645744997, -0.06883909630614106, -0.06575124022555028, -0.044294401192292825, -0.03279888268949183, -0.09239771808727944, -0.03309150081508488, -0.06580684944857072, 0.06617547520557991, 0.019992046571041654, 0.04943280185213161, -0.00898582822515909, 0.011741265113720525, -7.441939079797301e-05, -0.10273882363811575, 0.017990018477185038, 0.08690257935768128, 0.04846141202111056, 0.008307882652092117, -0.059278826506973456, -0.06905308692932313, -0.02787969892507978, -0.06506383601821243, -0.0011766921639302815, -0.05702319832586839, -0.0500168843600376, -0.1018321387492498, -0.07279237223927171, -0.06779762099639813, -0.06494235780293635, 0.052554723479237196, 0.09495746107120166, 0.04217029984050419, -0.05972437272504489, -0.01882663287401306, -0.07287088641022545, 0.05587281868017906, 0.08274408398179842, 0.10426022718141707, -0.04711727904391433, 0.0036329237541832217, -0.06849505858913253, 0.009003967857146172, -0.03268521620575294, -0.05235567657022899, 0.06340253320447398, -0.001884658991885996, -0.05789983394187194, 0.09920507188151224, -0.017348203390389897, 0.04290294502972275, -0.0805339430724582, 0.09073711482466701, 0.036536989581300874, -0.102631706667713, 0.08770585043375596, 0.0015781705182404556, 0.005489643116873671, -0.09780784777245573, 0.009719667679899003, -0.06134080757951801, -0.09436756775412719, -0.06220857384787454, 0.07551042530421236, -0.0665880143076447, -0.01076420174700017, 0.098892781402748, 0.02622876216756984, 0.010206600407734521, -0.05226872702012858, 0.051565095035007634, -0.018897751161099607, 0.05946453485257677, -0.0011059399409640424, -0.02529347138493, 0.03582484684874627, 0.027159229276512077, 0.08698283823572155, 0.10178870254374194, 0.00125677839040683, 0.005497174215113989, 0.04860243494932279, 0.07185587664127195, -0.019048920458445223, -0.09372464724061749, -0.018687889995426598, 0.08226815662768916, 0.09330557951698665, -0.05651088778398109, -0.002856845204485823, 0.07423993285316179, -0.053806000929033655, 0.08147191922213388, -0.036681177327993135, 0.06161865651586179, -0.026051113611409972, -0.027426087534029368, -0.07722697038714978, 0.0887592532916428, 0.004920514341041755, 0.10146812815208002, -0.0525217354053811, 0.055044799908168636, 0.019508768713548192, -0.05568980660018688, 0.009645176408338951, 0.071316120159743, -0.04739676370325128, -0.06540166817324565, 0.047083737502036406, -2.123846881021184e-05, -0.020720071431573617, -0.04466319529786009, 0.06762374824419473, 0.05412899149636189, 0.05467479673973015, -0.0070644063255700575, 0.007180209413092366, 0.004107732195730232, -0.02297211254070506, 0.06631114571191866, -0.055162481945143935, -0.014538301575690237, 0.0860610485427847, -0.08081273590619745, -0.0758010676741697, 0.05825969877198949, 0.060248155299727275, 0.06494331319744044, 0.002264364276164139, 0.10363336415444269, -0.006775886637777521, -0.06428431960330765, 0.09685868403969983, -0.06748641611303403, -0.09726610793287507, -0.038744929899074965, 0.05762912697887768, -0.027312178123036962, -0.06484408243974633, -0.09576004637194024, 0.06946179336936084, -0.08229584865723913, -0.08757620269798432, -0.020698308397954092, -0.0648869261262164, 0.00440471558791858, 0.04122613153087816, 0.051558216246936774, 0.02810314824578702, -0.004093065159211145, -0.09667899320829118, 0.04041796048966136, -0.07552839415512756, 0.041894913781109114, -0.02418645717760761, 0.0985030754962692, -0.04934062615911391, 0.018483807889520202, 0.07916288992257087, -0.04596201930253778, 0.025597084779431553, 0.06730579162130339, 0.07396792331789648, -0.0630700142823982, -0.008311158847034811, -0.06377399005440726, 0.048311446698708134, 0.05109249379103078, 0.012118756900140153, 0.08107212150985589, -0.0815610429838291, 0.07764546857600968, 0.03931268858507436, 0.001950322937589396, -0.002854385146914728, -0.00033717906002119776, -0.03153190090255764, -0.01460315075681909, 0.08928002121976984, 0.10057547690400273, 0.014416163504975914, 0.03380732450009828, 0.062328325020553264, -0.10020399142286829, -0.0002596960421326177, -0.000263820214346115, -0.04845196285850092, -0.0757807105178208, -0.05648455412800144, 0.027679655091989972, -0.0005221075269442116, -0.02532980934725877, -0.055461086809869636, -0.07021835260289006, 0.060183796686304046, 0.055987506541156445, 0.07104768599819372, -0.07644965417282598, 0.01693186011530395, -0.0029082973001394417, -0.06214018039785066, 0.0786701784366816, -0.03092885766950895, -0.09527363998376293, -0.06095213407844402, -0.07922265560936596, -0.05158053100359538, 0.07402171859464057, -0.02356151123955191, -0.008588873040733615, -0.00849034171889291, 0.00032015030332908874, -0.0051055044898140065, 0.00027251680626599726, -0.0647602160631494, 0.023874437491206758, 0.06938858474697017, -0.07431061494926224, -0.0029054498213320706, -0.045033167560391905, -0.05441040256331858, 0.07776279699881057, -0.06377581634666447, 0.0518321048254054, 0.06652311028499527, -0.02670828441924944, -0.09738412835923312, -0.00396940279439936, 0.008045203581712675, 0.05975135485299879, -0.09531308123186943, -0.09796385912566023, -0.042446696088754066, -0.06451263557804238, 0.0686181380400508, -0.0745454424721073, 0.04964082712257382, -0.021589994021650023, 0.004232379259082822, 0.04513411913114709, 0.06913967914275218, -0.08112186191910205, -0.08834317313112401, -0.048214087493062344, -0.022001204582996127, 0.04727233945830291, -0.0512502878216776, 0.09821616176717143, -0.06297111634449731, 0.04052888593254943, 0.03929855877642425, -0.043295377512769594, -0.0664093266434195, -0.0022663741086743254, 0.06254582720125253, 0.015409927519134763, 0.09007484190036308, -0.08632987568888677, -0.057832130287709956, 0.05751779311434631, -0.07801614688947456, -0.058581854750933395, -0.028520446107247622, -0.07440489465693916, 0.036960612777518734, 0.06364501675375318, 0.00011267482005463702, -0.0437300779565728, -0.03784002368206953, -0.002117841956834062, -0.0025295510560691386, -0.05201232585958595, 0.0063599416145051334, 0.03295955760412312, 0.06914895275686513, -0.10722887227224223, 0.10609931324072619, -0.06422038106206698, -0.085766167485391, 0.029237997985406914, 0.08472558263876481, 0.0008541798382113724, 0.03126096343242652, -0.04539192373058693, 0.024923585797664176, -0.045857880304549625, -0.0996886757767428, -0.08613797012865809, 0.047885702093622785, 0.038199390802457205, 0.046732412767251166, -0.06302166554975014, -0.06183596088088064, -0.06909398479865354, 0.08257136279097767, -0.07190505139978708, -0.007665693070023969, -0.0749658246490826, 0.001407176466006268, -0.06371531276943046, 0.001082831838702619, 0.09514496985212653, 0.030701801061354245, -0.019689966786769025, -0.04522296743345091, 0.08312815865743924, -0.006175584447051678, 0.07670005993625767, 0.00043846127670699165, -0.058877513627074926, -0.001725052098355107, -0.08603345282251088, 0.03645184168278802, 0.009332492355052319, 0.036013037208326645, -0.05842168014087936, -0.03796828224583412, 0.0868419441701604, 0.010000499833030573, -0.07650048137132497, -0.05835912285598601, 0.09292424755996737, 0.053327226872750266, -0.05207946775524569, -0.075344674676451, -0.0180425388742054, 0.09808356757063093, -0.07096959614229578, 0.07583629449930379, -0.05386555506166422, 0.04990486816318169, 0.0023864967450952777, 0.07208917692630053, 0.03411764358456636, -0.027135213807866567, -0.0036549268099384013, 0.01905854697876281, -0.05592930086370716, 0.004025263185552735, -0.02903592403949772, 0.0724439510540412, 0.07823604347767613, -0.047694468943888436, -0.09629038626671566, 0.06058607645363646, 0.09735879403329742, -0.07403575094574039, 0.04676806417286744, -0.06645676766786997, 0.06997438544695812, -0.06265727066900578, -2.578158679680427e-05, 0.047454347983388344, -0.016777589630858507, -0.03154925878368874, 0.08116029986716139, 0.053578648701728855, 0.09849478969756464, 0.08849216706842594, -0.04092215030477774, -0.07943862616890199, 0.02864214916422026, 0.005964756942063637, -0.10464709262776976, -0.001086000745498646, 0.07550085773581303, 0.04598593502019171, 0.00510762399049602, -0.0735980844986322, 0.003314314103459319, 0.015829221730296796, -0.06791414951886972, 0.06556484020632601, 0.08834100587091609, -0.03599798927953206, 0.033832731212880246, 0.05563484808722935, 0.053597039165097456, 0.022174436148940612, -0.0522686796271332, 0.05805044714941876, 0.09036060153113416, 2.016926628632996e-05, -0.003989562409653532, 0.06013039739543996, -0.054807755378381826, -0.005352046949453035, 0.008886019981807427, 0.08617183507057917, -0.03031213802245654, 0.05604405956674946, -0.05141541336691854, 0.031036170607827956, 0.025214153412152107, -0.04255351245836617, -0.001172596005480353, -0.07706236263831891, -0.055447529773798875, 0.06048877969424369, -0.10164177201262747, -0.0009135433319007324, -0.01847934295245861, 0.05798484039252863, 0.07868497429214522, -0.06121901383587711, 0.0903611890378331, 0.029227946815907527, 0.06745599800927712, -0.0469599471096648, 0.06019855296358729, 0.04736357733472198, -0.09484650979318116, -0.029653070369281862, -0.050223016541220245, -0.0642077215862164, -0.09870829674414187, -0.06867538129720338, 0.06501455390155839, 0.014375437185149656, 0.07744394698688355, 0.035656679487305956, 0.03565777527507287, 0.002409451840340317, 0.029679788134980834, -0.06979679245048367, 0.048238875291260724, -0.06618071906530326, 0.07892266298837329, -0.039578786028289965, -0.04871684058406025, 0.003748264175547848, -0.014603271168978279, -0.06395060140319855, -0.06753929351829328, -0.04662421754580268, 0.07974387954863624, -0.021153869048547262, -0.06690480897423914, 0.0025651841740107987, -0.10430714014914995, 0.019362506380329266, -0.06437207796507172, -0.018334633008595568, 0.012846874493306872, 0.0035386673254765356, -0.00022650244254545965, -0.10370535098616455, -0.048386249878606735, 0.06998164073485005, -0.011584673602259789, -0.09041345896212515, 0.03981470984876913, 0.028263092359570502, -0.01763059384907856, 0.030197640738144852, 0.07835373656247435, 0.0017006657160936508, -0.028017070982697456, -0.03670514729157666, -0.060606027964472606, -0.006325695271169705, 0.021029579118071202, -0.007707804520843082, 0.05300811588204333, -0.08302806171648613, -0.040663086741138776, 0.035270593382279204, 0.00767037863676739, 0.018311725858255756, -0.07111392578766529, -0.025582219584829147, -0.08602300984346219, -0.049993835753858795, 0.05710151521213171, 0.012921138172698072, -0.06234106460832654, 0.07650350636881949, -0.0842137978148449, 0.06469593067947371, -0.05113856523749936, 0.08783931965569589, -0.09767598075974282, -0.07578324777937773, 0.10005179865682357, -0.07156219609744056, -0.08126411494818908, -0.004436363307784734, 0.01625321164632271, -0.023786055137191873, -0.06386032303748891, 0.09645440044947479, -0.10101080361831331, -0.00032262016428952504, -0.00017331539512318263, -0.07727493614572593, -0.049656976837269204, -0.06064435346190874, 0.02223200233807719, -0.07741837368459643, -0.07393776223130245, 0.02736470731258718, -0.010319155413149511, -0.10025977641738955, 0.0008152304237194636, -0.020219750966846, -4.4158745955356245e-06, -0.06511047389012917, 0.0866361694099895, -0.001784700613427504, -7.322852956470276e-07, -0.047307695001959714, -0.015742229313006065, 0.006818814528016628, -0.00034599638686856117, -0.05647293475441506, 0.05663474367564017, 0.05213644103764225, 0.07011012746819067, 0.099904539196982, 0.061714075192236276, -0.03832016225475622, -0.0674515966889208, -0.07191877248827926, -0.033468232587363624, -0.003336856351103769, 0.04977952731126084, -0.01001976373485925, 0.0057036428958658165, -0.07476152615925918, -0.07574368400399205, -0.03838480634330683, -0.0028213910048642964, 0.06335488104435498, -0.05307596938061238, 0.031084295611324565, 0.07625921443129004, -0.04019624227285709, 0.039805630334733985, 0.05506171384229661, 0.09136612272349938, -0.07706639299181785, 0.0620944008487991, -0.06639632902091014, 0.06123080925337276, 0.05017960214361984, -0.00018378440286889708, 0.04751360617297662, 0.054390600090569535, 0.07790793944627558, -0.061547489580528046, 0.05349671677274335, 0.0032511839415305136, -0.04379541252863398, 0.05978002926339793, -0.0061501881950402106, 0.000446616832155859, -0.008143729188159123, 0.06309265485408284, 0.03491062791398458, -0.026437704356572486, -0.08421295264961436, -0.0004418306844471208, -0.09873606025283124, -0.010272599769683618, -5.272831246016396e-10, -0.0811469476012864, 0.05451202972123291, -0.06337550883114651, -0.015975851925163653, -0.026701581868434233, 0.056432365014406106, -0.0980599285542151, -0.09272319605042341, -0.04862182285800972, 0.06795888378658346, -0.022044111985523945, -3.582081362804459e-05, 0.055591627812992324, -0.0745672785082806, 0.04058835757300605, -0.0499969255274288, -0.03745264590813744, 0.014758913453478262, -0.08276944061732407, 0.07274072108200555, 0.0019102859280067113, 0.10445446296570592, -0.070683978296284, -0.060249820916145724, -0.07048098837815463, 0.0005840515250862089, -0.049899290915109584, 0.059240387403123596, -0.0004508867086683691, -0.05921736179209738, -0.10037708350394366, -0.008918358457839832, 0.07298554620117176, 0.05012976620524188, 0.08754487867590464, -0.05539151349681299, 0.045027871736622975, 0.04858460795238216, -0.040380426386235645, 0.054943211148640654, -0.07998084399457277, -0.05913000868815098, 0.01860744797965581, -0.08754114543200259, -0.06381485109183634, 0.0937839711278257, 0.06756150808219112, -0.016523347913331148, 0.05511043656955755, -0.005790568363766066, -0.06733753683665056, -0.09690670332015276, -0.060413387487512384, 0.03157900158219519, -0.05488306358141946, 0.06930490923111349, -0.07547815896250491, 0.07956255554129849, -0.09250879303933339, 0.025873663853206427, -0.07012875601815691, -0.06065094080539013, -0.08583789791424798, -0.018190152534028073, 0.0655503238157297, -0.03970971491071802, -0.07773393104110467, 0.007720833236027817, -0.09605123719413226, -0.05475914909061743, -0.0821085370706667, 0.017176313209489848, 0.028532157499920784, 0.09265925201282917, -0.009545042831822378, -0.10444547435661869, 0.050983991218927494, 0.04266391008595629, -0.01960539826902958, -0.0604032042142138, -0.0551388448662501, 0.03661682630040469, -0.023320609726090877, 0.06288368227908024, -0.0938207786871814, -0.04262941883275917, -0.024704093994270176, -0.030133038054446448, -0.07365456834353305, 0.04816351833234882, -0.04973645209751171, -0.006784558387722096, 0.04054210723104849, -0.03024547145848221, -0.032399636212256014, 0.08707753790465551, 0.017721868783011057, -0.0645216640190934, 0.06846946666152971, 0.013909123491744847, 0.07524140490464044, 0.07137982263671226, -0.0671579069907844, 0.06102608461090181, -0.006730028735353562, -0.0757740673148883, 0.022387506511393047, -0.014562276053424122, 0.0026316711399288805, 0.003167044790408818, 0.029501437255923503, 0.06502190036004474, 0.018032895667283857, 0.08971041998807838, -0.06647989103272241, 0.01926731894691992, -0.0430958577806174, 0.04614340355493894, 0.016625971765013688, 0.0009587849213493276, 0.041277930768387094, 0.02681643966558596, -0.00017195428823255202, -0.08163856307990591, -0.04680291709291817, 0.08125415698421805, -0.02126507711630189, -0.10725164469375524, -0.08954621634051417, -0.0762400468535256, -0.1060662575335835, 0.041693429790302376, 0.003646846111716786, 0.0709408215465757, -0.06592828603206703, 0.015681075673868606, -0.06421469730704682, -0.0235292050353375, 0.056295450442038646, 0.07631594328902754, 0.006663292380237047, 0.07850349845366762, -0.036180013102325825, -0.04939361820139796, 0.0851759345830662, 0.050967657081628565, -0.01803189660923044, -0.049532610227314235, -0.06792729330384199, -0.08264243691708197, 0.054130414915064894, -0.04060905678989879, 0.0003717493446123828, -0.04769286288245729, -0.10022127591346792, 0.065132502720099, -0.009435812579520204, 0.03902803125953017, 0.08023129437593084, 0.04691736141806558, -0.005135515780423156, 0.058960163691912884, -0.010996552765834958, 0.06897499568033963, 0.07129849937090563, -0.04710793832167201, -0.025543877228475644, -0.09695671406412838, -0.03193748166613696, 0.005567181567867701, 0.06495562149024826, 0.07485025354239695, 0.08823667646275787, -0.06012632506538824, 0.07957626392670217, 0.0021400556597046525, -0.08059289363121065, -0.059577418023394835, -0.047910237785365226, 0.062430017277103886, 0.06656093180978793, 0.06152063753811191, -0.08145744109372742, 0.04570342437144766, 0.05206406142575546, -0.04347191568728773, 0.013017698529724458, -0.05498283124035661, 0.04346482187931567, -0.053642999076381044, 0.03056078710473395, 0.1016171849403483, 0.10374574683387573, -0.023357214798643857, 0.0694717075878158, 0.06591336427665306, 0.04569255077757252, 0.0169167021795108, -0.002539229501331297, 0.07036387065347309, -0.01158531147596167, -0.01684584297472451, 0.0017841585260826704, 0.006770310842200035, 0.00956412530382737, -0.0009677115319398355, -0.011708779272305759, 0.0540949049019196, -0.08278557372640677, -0.013963781896485599, -0.07569862968469454, 0.09084363622675012, -0.09342313015342708, -0.06424964661594854, -0.046493033469798446, 0.03593958936603181, -0.09394547777432119, 0.044646107188635806, -0.0004023415679771508, -0.051683394617468126, -0.014748299098584515, -0.054381372940272885, -0.07740440956913075, 0.05290639928797405, 0.07345887091478052, -0.07600193169070178, -0.06462164977415692, 0.06463682913709218, -0.012612197166368735, -0.0005365606855482947, 0.038259716054483424, 0.07433363123989074, 0.0349659908668854, -0.07017523242733445, 0.0025159002592801383, -0.0699000551544523, 0.06563116053037538, -0.00223769381618355, -0.014563196345113126, -0.088630956229851, 0.09741153903872624, 0.05910963846843641, -0.0024427236324457025, -0.06413373338964526, 0.0967678033367334, -0.03994455507621694, -0.03566444590914818, 0.06471502164911165, -0.015179892990839527, -0.026705130430689193, -0.05406806827068214, -0.06832070667481721, 0.07795833031609589, -0.10094145308164264, 0.0020887814997448398, 0.07973261361805355, -0.06695718494347755]

------------------------------------------------------------
Sender: LSF System <lsfadmin@c31n08>
Subject: Job 3505933: <python gr1-ly1-w2-hw4.py> in cluster <njucluster> Done

Job <python gr1-ly1-w2-hw4.py> was submitted from host <c01n01> by user <sjwu> in cluster <njucluster> at Tue Nov 24 17:44:41 2020
Job was executed on host(s) <24*c31n08>, in queue <mpi>, as user <sjwu> in cluster <njucluster> at Wed Nov 25 05:19:21 2020
</share/home/sjwu> was used as the home directory.
</share/home/sjwu/wlj/project/3-layers/grad-vanish> was used as the working directory.
Started at Wed Nov 25 05:19:21 2020
Terminated at Wed Nov 25 05:30:52 2020
Results reported at Wed Nov 25 05:30:52 2020

Your job looked like:

------------------------------------------------------------
# LSBATCH: User input
python gr1-ly1-w2-hw4.py
------------------------------------------------------------

Successfully completed.

Resource usage summary:

    CPU time :                                   14613.44 sec.
    Max Memory :                                 4833 MB
    Average Memory :                             3383.00 MB
    Total Requested Memory :                     -
    Delta Memory :                               -
    Max Swap :                                   -
    Max Processes :                              28
    Max Threads :                                607
    Run time :                                   691 sec.
    Turnaround time :                            42371 sec.

The output (if any) is above this job summary.

