grad_list=[0.03785155249028621, -0.037121088050833494, -0.08957694574273532, -0.06827746608229165, -0.03957912945083376, 0.048660726120647604, -0.00195894490613413, -0.060779455546917674, 0.05852524129187102, -0.018910122694832804, 0.08936188660547653, -0.0009946949905214077, 0.031800796345291454, -0.07432171684947829, -0.018034137806052116, 0.050193952591461755, -0.05545428869486922, -0.037881555442195666, 0.0001374963573792738, 0.049951648606633946, -0.04246284914688687, 0.06361445188428225, -0.008087771161276628, -0.01713915939474658, -0.0011600626872214214, 0.006117051347131145, 0.09159990037430166, 0.031839348160187464, 0.0640610230292408, -0.07251344719593711, -0.01129319381479044, -0.08221083968281775, -0.032232585603628294, 0.08748987930403135, 0.0374817523686099, -0.010620735839910229, 0.07248368833291459, 0.021459671267665625, 0.07797303055559986, 0.07508144812727274, 0.03365604751396436, -0.08969426363544691, -0.07291777116645903, -0.05523640268639019, -0.08729089038732886, 0.0969641964250072, 0.04917395670524832, 0.058295403569667316, -0.049086815182392565, -0.015989049003058375, 0.006228043661058486, 0.003998851541138397, -0.005178424288043987, 0.055948583927671824, -0.04096775796237145, -0.06711444222140475, 0.0020096924719723527, 0.01518322175423694, -0.018470390625605994, -0.06503969870383682, -0.09856357015414444, 0.049449955676939376, -0.04025443933718021, 0.09437043685896711, 0.028236047856353023, -0.012079732072816363, -0.012126107936379778, -0.07415741069837505, 0.07494063945387108, 0.00010781316136932646, -0.007059486254345958, 0.040838189863879736, 0.09717478084672786, 0.06641630207286882, -0.001243555970493418, -0.02094588332284824, 0.06622047864501149, 0.0037869747746751546, 0.023135242416977165, 0.04187708585373031, -0.0003469767374109987, 0.0005461122977587016, 0.07620072321059941, -0.00673414840125448, 4.395336080057686e-05, -0.00886980270238398, 0.04363272346191946, -0.05599494056739412, 0.0733398048597983, -0.100135709808882, -0.04525490111618027, -0.10067486357541834, 0.08516096057920303, -0.06319197276056339, 0.0783115673742121, -0.0824964400083599, -0.018747066169875017, 0.08674479844130889, -0.07946882988614534, 0.01278872486425566, -0.019655608362566194, 0.07648020891409288, 0.012272763928317264, -0.059516054960490165, -0.062267388323831246, -0.09859322647526816, 0.05695469997932729, -0.0664087690550856, 0.013213969938281757, -0.0604106109654454, -0.06282301160238042, 0.01172897948880446, -0.05964774144518845, -0.043936808839767576, -0.06583488570738258, 0.017848632406151088, 0.05650416896384721, 0.10416181051042331, 0.09255517439325177, -0.03519208742601283, -0.062188860786061284, -0.044212376638229654, 0.09216915130467294, 0.10025480169777623, 0.10175759260021748, 0.08496564594490208, -0.0848065986317294, 0.058061262069501865, 0.05979081311656134, -0.08777919470593468, 0.02912959296330748, -0.058365582967120695, 0.023033859216263917, 0.0639778626736234, 0.03424969726671493, 0.04348279393735936, -0.012393699028425043, 0.0697554058396555, -0.05567391482852422, -0.09003122005862768, -0.051809779859238146, 0.04778979783791455, 0.05394049273684546, -0.08321445948343409, -0.041865954283095065, 0.07665487391679024, -0.05523130596719139, -0.02579803369259187, -0.09580720807083043, -0.0887922456336854, -0.016143884308153122, 0.058925378523273134, -0.044978976831461945, -0.01973733515515669, 0.07226517489398444, 0.05225545332929298, -0.020162837355939513, 0.016100506889023227, -0.06339867666544374, -0.09440328400763805, -0.0024548137364633705, -0.04536779267463538, -0.032451082834977496, 0.09535842488514604, 0.09542836544184279, 0.08904456395588528, -0.04228634958726827, -0.028947632516319412, 0.0377500183061815, 0.06987277800036722, -0.07649382072906284, 0.07319879718398806, 0.04633940641747143, 0.04982935383739945, 0.006060678095964047, 0.034912448117932204, 0.029604611693332054, -0.07429062461605192, 0.00864384367163585, -0.007993292233576083, -3.6186990200620774e-06, 0.049967643455059704, -0.017163845980664408, 0.07644181888316429, 0.00032835815688911563, 0.04395454802822281, -0.06441002762554703, 0.07974357071793367, -0.04305936611102091, -0.07037073936780854, -0.05631066171649126, 0.05238997323929693, 0.04259646241719695, 0.010658211637750305, -0.041625445541386856, -0.0457523207043012, 8.296204094201223e-05, 0.07453994081332167, 0.012014294049651502, 0.05292804784738481, -0.021868819367166288, -0.0035206744755054303, 0.002406381391251655, -0.06128028127596431, 0.029661829628525788, 0.06144951552920104, 0.00011079340567076837, 0.04420178275976437, -0.08860819556691754, 0.08330577361667656, 0.07884482164625019, 0.022002610244971972, -0.0716987391297029, 0.03666931532059737, 0.10149323400995372, -0.05693216936364259, -0.09683162766820062, 0.05928707072285267, -0.0002604815844078884, -0.030664984801628048, 0.058118956178744144, -0.08385831009048289, 0.07110771585100312, 0.04708876817376498, -0.019214948520117948, -0.07907963377816712, 0.08827715040943139, -0.02225394116912854, -0.06155419848722519, 0.04119382319156954, 0.027757048656072304, 0.05918056235708812, -0.004285112714154148, -0.061170691515345973, 0.0010358740638323073, -0.07378137113469052, 0.047981085853461856, -0.09835855617185528, 0.02183448191820882, -0.0039004342924275986, -0.06749600785197679, 0.045660416868420546, -0.017009431223847783, -0.07006994021949554, 0.05281074085829414, -0.0005552214582434746, -0.06448129263381941, 0.024346099481135874, 0.05904227923391405, 0.006228320787414166, 0.08999831397390579, 0.005989744116003382, -0.007418528240824639, 0.06612509695059676, -0.07124581977048734, -0.00015075116837722443, 0.05923461381842329, 0.06045479579667496, 0.004786316651926835, 0.07463135750856387, -0.029694078469884613, 0.09037777241014001, -0.05889191524270585, -0.055326232420343825, -0.031340305361301814, 0.06503529662591427, 0.040522237502707156, 0.09074585867459656, -0.05382835988452015, -0.013467598945201156, -0.04964046532393582, 0.06875103468338213, -0.0023085531088475, -0.014524838269075557, 0.03450932251533831, 0.039671199917079035, -0.007292656336030829, 0.012175996723201264, -0.013281015403214004, 0.025338658444922245, 0.050178697033615396, 0.06297632180677215, -0.07765342358757614, -0.05935948605768258, -0.016828261639492977, 0.10171892103742768, -0.04701492782639394, 0.0019446093503940913, 0.04970842597278411, 6.155615030584154e-06, -0.01741537569163782, -0.06722566920613815, -0.05801054563099512, 0.0706066253163852, -0.04301809279862981, 0.10616132745777788, -0.00867480036072488, -0.08439970531263545, -0.03448856930926088, 0.0511359973500737, -0.08026166050973703, 0.005183392111747337, -0.10120457320766917, 0.018112982911504934, 0.06613277384672533, -0.030161738400379348, 0.017358346082359376, -0.021970379143171792, 0.02016157656711086, -0.08702765517319157, -0.03123766755851882, 0.007232047347496521, -0.09801826398576718, 0.0070426605986523266, -0.09765843801865895, 0.03797666552868808, -0.05371154966402209, 0.04634291737570112, -0.004501254130597178, 0.04034591202994587, 0.08158835193724871, 0.016506971786985836, 0.07774146760725946, -0.08362800470274985, 0.018311098031850853, -0.006217634790976455, 0.05901158682530776, -0.0718298903224696, 0.0017536722126026284, 0.080254331251933, 0.09414121203247745, 0.0989515684796187, 0.0537142124434416, -0.021117008555483152, -0.06739117997479718, 0.008079169426038316, -0.03548689275262802, 0.07136089247381953, -0.008934625863065312, 0.022667661100842177, 0.025205749490719038, -0.027218919666812325, 0.03551718516887238, 0.1036528686827627, 0.019101490779601778, -0.052789798696730235, 0.028989567542409344, 0.0005890249240092995, -0.010271224300290961, 0.06700570278129006, -0.050304421634808874, -0.06973661825327375, 7.217850040020846e-05, -0.04473306829101864, 0.017721666854782738, -0.00024062084670435982, -0.0365394284553784, 0.0669808999248862, -0.063370921407204, -0.0777169364052382, -3.401049158837031e-05, 0.08105849373827201, 5.3804100768510385e-06, -0.06553891764265934, 0.053580046582830325, 0.009667919742666523, -0.06132975671992334, -0.05565222054682713, -0.061517261118725484, 0.011982135680984963, -0.05624429892373048, 0.035049857228346554, 0.04915063164054794, 0.014393410730673347, 0.10279731616966081, -0.05317631742181583, -0.07302466404019597, -0.07278789879764766, 0.06906399125662974, -0.04120709306769134, 0.023356555961310723, 0.024405264241685258, 0.047653205784935614, -0.005413456144858792, 0.08605797543396743, 0.017620950217828876, 0.0534678593211935, 0.0025724006549913848, -0.06866882120530964, 0.06346487710396308, 0.02167024066490006, 0.04073974494072655, 0.006600720858678445, 0.003977551106902075, -0.07275269454361355, 0.004345414597646675, -0.04365674244675549, 0.05727012427397877, -0.06516303502127394, 0.06353649232770563, -8.364335201606149e-07, 0.08575650850247274, 0.023984294349741964, 0.018652669795599364, 0.014028490661738236, -0.08015177942834037, 0.018812320755077223, 0.05588880478905892, -0.030902816066884137, 0.04545160035608611, -0.04560353847552373, 0.06667398089254707, 0.05268308725049643, -0.0010876887210086745, -0.06921455405988797, 0.07007670720768344, -0.0004178365330463252, -0.0633851847794901, 0.06305371002769934, 0.008595782942570315, -0.08082213053299869, -0.003744730615246019, 0.013983374794901146, -0.060962297308173166, -0.04044512065638478, -0.06561267632038166, -0.011180136863847556, -0.0071858008258703756, 0.035406145515401055, 0.012995542393956372, 0.04717814794899357, 0.08343536302569148, 0.07488884601822707, -0.00257658999207222, 0.056696162835438324, -0.04974263684388299, 0.04427696521893609, 0.09553272887563774, -0.004536736989078957, -0.027875548735794786, 0.045340668336786606, 8.2474334305906e-05, 0.08905740622911923, 0.001288797459320716, -0.051327107269676236, 0.0003024444476276227, 0.00861029128272029, 0.015163187849578666, -0.026583657375565256, 0.04818064139394412, 0.05401053312012173, 0.10612169891271557, 0.005530035351958544, -0.055122324729651784, 0.06899155478997762, -0.06526772488926964, 0.04586079883897339, -0.04951208367617145, -0.07339784218718944, -0.09013283037637283, 0.036992836764837396, -0.06349450809715278, -0.018477012304463296, -0.023149655019637814, 0.04708321009514843, -0.08670068489104027, 0.09155293141913265, -0.07187589249893604, -0.10175742297405667, -0.06987324357168356, -0.06719527076528356, -0.05719928013980954, 0.10044229678039489, 0.06312483593370646, 0.0562256300911067, 0.03809231475785658, -0.08906530798186804, 0.09662115428665773, -0.022968751277571777, 0.0022823172385025847, 0.005103559698749702, 0.0016192293803063372, 0.042214308344015836, -0.04432126384842533, 0.002144758593164529, 0.026635860115571244, -0.012255991138346148, 0.08475380378027687, 0.034286846737000644, -0.07029768480951379, -0.10352408331781207, -0.012823080748328589, 0.07352033560903543, 0.019510176465738927, -0.015112009873504, 0.026837458890894606, 0.10560244655222055, -0.0029729930228725734, -0.0035154501476717774, -0.10430577075723273, 0.0718831520100437, 0.06351551281667672, 0.07254086980985182, 0.05004524568390614, -0.01331155864626412, -0.07365556614477228, 0.06839726359489712, 0.0068832278088881895, 0.06136578230819219, 0.054791915767872255, -0.05277242912839373, -1.988705850355062e-05, 0.03026471702196406, 0.03968263534657971, 0.10571096284873908, 0.00042201706548527606, -0.00210368712775008, 0.04359219237668155, 0.06410863847940915, -0.045774588665102776, 0.011125898919301274, -0.06041582529175099, -0.09713085347193835, -0.06294555122810676, -0.0009714601762048974, 0.07197338866124812, -0.09998726983672299, 0.06555696650077791, -0.0708186388439638, 0.06263373978166538, 0.05282613426999463, 0.06551110661235131, 0.09092617850113559, -0.05467150616501861, -0.09329796843063491, 0.08770475483964944, 0.019135849443375662, 0.057024033792304696, -0.028104185479366252, 0.06446959890493029, 0.012929187674287027, -0.04967652465903401, 0.008330944674947563, -0.10168790860108767, -0.10347256540251264, 0.010093825911042808, -0.07300806089098759, -0.03161318612150451, 0.011273525931434457, 0.010640601846569031, -0.011498120707161545, -0.06964902686853158, 0.06521386727437191, -0.033400521622195006, 0.07922988867450728, 0.0003048700626614548, 0.07060155592482109, 0.04581717046612699, -0.037758872495068936, 0.04616975835649894, -0.03038713446907806, 0.05005166664067797, -0.06479111798831778, 0.012166305993165594, 0.04840779100356777, -0.06980646768626327, -0.06268827216123891, -0.0033978988431237925, 0.04597405079852153, -0.05307871765555993, 0.009569786067894154, -2.404573230606292e-05, -0.06334541869469233, 0.062200456997919866, -0.039882325528401846, -0.07312841257432183, -0.015094827265109231, 0.019888597712247314, -0.040048319132060306, 0.051965655933359466, -0.05257157325572895, 0.10074757743942754, -0.031089511341816374, 0.036590074737770414, 0.02549790147072974, 0.0149647939213864, 0.026922875111405658, 0.02782025305405832, 0.0489331143989953, 0.0025278481639828326, 0.060795277886676914, -0.0538135387230857, -0.07899596536471958, -0.0016079032542308561, -0.013515068337785804, 0.05858110614830996, -0.012212896863391285, -0.005600625623543005, 0.05176947165702124, 0.04598890269621576, -0.10019063284889258, -0.08502595396349089, -0.08025226279631663, 0.08826211617460727, -0.01919856138496342, -0.10578711685746241, 0.05952510167251784, 0.08180115965992163, 0.07805140652514872, -0.08870629369493215, 0.10458257072928888, 0.1008895044761259, -0.04232658581119585, 0.09065319771016156, -0.00641779527018365, 0.04737872978707576, -0.06753970750089686, -0.048751122748102727, -0.016722162291784453, 0.09109067360248742, 0.020115784704885183, 0.07483908118193479, -0.025331426224586916, 0.06746228710741771, 0.0032702496667891497, 0.00010279974481824642, -0.10315175290525662, 0.06387008479812117, 0.016722594460374468, 0.02574411771534775, -0.017717743474269337, 0.0719685938522578, -0.06463625538410418, 1.5376911891111383e-07, -0.09052655141509047, 0.06601305005266604, -0.034850698646295725, 0.07574949924437203, -0.10255313662977336, 0.009350189531792641, -0.06090873765579984, -0.10107146695085166, -0.0043440335950578664, -0.05241484575828533, -0.0019108130544609615, 0.07051670886414307, -0.04114349023357314, -0.0004998318820873778, 0.0007325236703312824, -0.06862631125116919, -0.05294514554913405, -0.05183637573613772, -0.04754683670519135, 0.08091970293875653, 0.0006213806232726591, 0.09004849741490492, -0.0018701905768495261, 0.03233926208260771, 0.0680060089264444, -0.0008387880923213107, -0.062057439882869506, 0.039204098923214636, 0.02865717748036788, 0.05169884609890422, 0.011848062288174713, -0.08393832046578452, 0.10260174538761983, -0.004932627153255713, -0.0003380945292435919, 0.0878712208681442, 0.040696939935341986, 0.05223027083999475, 0.006740251729124432, 0.022263496886245134, -0.013540916397837196, 0.05297445700351567, -0.0774122667326731, 0.08116184124549038, -0.05891939177539398, -0.0659500485111571, -0.012407464913119589, 0.09264250911576827, -9.319535332165338e-05, -0.044386391800198856, 0.01449172492803789, 0.0952826045340015, 0.05024224234495559, -0.051513644952156656, 0.050583659299134186, 0.09930945161317585, -0.0010323885299332303, -0.05085795609951151, 0.020444086505699923, 0.0007599499938780031, 0.032851443669503565, 0.06440176242393128, 0.01367759904954897, -0.05297394660767188, -0.05648813191050721, -0.010629764883766003, 0.05701835198757604, 0.0007568770893435695, 0.008702574815011093, 0.0029524928206341484, -0.0631938479365704, 0.10701393838842806, -0.017121726409641186, 0.002111815302687506, 0.013816341373123589, -0.08641587914879385, -0.034275409526129265, -0.009800333077271624, -0.0853037063257587, -0.07392957724916276, 0.025215853738489738, 0.06935910105296003, 0.03732644155300747, -0.07413162740916163, -0.05889620314860302, 0.07280045450334931, -0.08865363420912326, 0.005161392308547995, -0.05606944583894101, -0.07872793204664669, -0.00033209419061090055, -0.05969729020566923, -0.017224279585086943, 0.10112951832769994, 0.06013955207907732, -0.019119684655765294, -0.08402923919320811, -0.0645433600080537, -0.0051990067407625545, 0.0787096739676266, -0.09403904805969114, 0.09068874738334398, 0.06009184883478545, 0.06580761957424137, -0.07986388564070397, 0.09604318604160413, -5.711587244315461e-05, 0.02266878906686446, 0.00018625266586475643, -0.04193332672478983, -0.05322364671052563, -0.0620264063614798, 0.03933484973177793, 0.0062257465662048156, 0.06792572751730344, 0.0004653094023789751, -0.0029194133219383155, 0.036980876116870016, 0.00697975506312078, 0.013863215473132245, -0.052828330473265586, -0.020005829741245856, 0.04789487161896371, -0.0031128996494457243, 0.06582046253663955, -0.01217610729833007, -0.10737496094999645, 0.012575089854928783, -0.10145756931769294, 0.06953371837502148, 0.055165531275018574, -0.07859038480240675, 0.061771821557362626, 0.06893991319119745, 0.04624037012609248, 0.028910928766017033, -0.07329538006240452, -0.006735433192073101, -0.0007204444151694141, 0.09792515163911031, -0.07165474036913352, 0.051384076179852856, 0.0005699789997693567, -0.10634377142693982, 0.0026360885825813694, 0.07364154014119899, -0.058974657830986564, -0.10077548506765621, 0.0671828999020955, 0.036228127241386805, 0.03837357978078244, 0.06027948218234636, 0.0006752293529204392, 0.07096955659319658, -0.0836090466733986, 0.06881901171921807, -0.06534834626063253, 0.06548930781229341, 0.053030116259721934, -0.03553699670568009, 0.017555711518927517, -0.04248819491602419, 0.08568294355195769, 0.04697136634469444, 0.0720308116170155, 0.00738165241471182, -0.0645443414984774, 0.031814527318171, -0.007019044926678198, -0.10592433852334573, 0.07065915005332508, -0.09673646104778273, -0.07776858712101087, 0.07965145032423827, 0.06570813920418492, 0.06007246677033205, -0.05522601717293661, 0.043904766822123374, -0.07538093172849218, -0.0607466106090204, -0.05387529464707979, 0.06333030771235633, -0.09790325694494499, -0.032929827824880215, -0.05616260248708366, 0.061793484473023595, -0.039550373301735255, -0.055761370444185394, -0.07781788979047119, -0.1013248829072559, -0.06414570437388728, -0.047914903470640265, 0.03461908346678567, 0.06797523081347545, -0.00015644243722941277, 0.03627392163812789, 0.003856627093841132, 0.07380612066618704, 0.09220045238302771, 0.058039140903618454, 0.056845983788290845, 0.005874106518564436, 0.0007535095375869288, 0.09755071987994053, 0.010867326352272767, -0.07618532588795957, -0.0015633208687712312, -0.05094340342873494, 0.09468934114623907, 0.08872689626176061, 0.03152530977119936, 1.5156436359251111e-05, 0.05034210616636805, 0.06009614296197873, -0.06879012650725919, 0.09209484956448483, -0.06188276742442427, 0.004272175021449911, 0.0016857673685033254, -0.0007161753519071529, 7.253379962793946e-05, 0.029527991574590507, 0.057398537288709105, -0.05513581969880096, 0.0022804577539128046, 0.05136202222246532, -0.0348881428436343, 0.014243287644427081, -0.07875818669183773, -0.016377270886114247, 0.05962705944075585, -7.172867857207805e-05, 0.06430031568418211, -0.07098748884403064, 0.09785548115490146, 0.07797914794353444, -0.06267423653602508, 0.009125189222567717, -0.05530545753754548, 0.06236398967349049, -0.001109538847901396, -0.06388154192332401, 0.022519497625138954, -0.00014489418677558413, 0.061406405654972386, 3.2228154128112863e-06, -0.06403576640875483, -0.06578319096708991, -0.026392285589670106, -0.004165204592290456, -0.09150724773938358, 0.0852075092582635, 0.057508425689280045, -0.0711204722687512, 0.058714321347485575, 0.024420156047686322, -0.0665565749265475, 0.10361143438646185, -0.07298140447425631, -0.08276141595239735, 0.056652731286747096, -0.00021447878295171726, -0.012666419328802948, -0.06545190295676487, -0.06743524616873194, 0.0009823189357330425, -0.05082079047326926, 0.011565290036021624, -0.08380291003601882, 0.08808076691498508, 0.06599469567496442, 0.06780881767818474, -0.012522218944631703, -0.012346973350496594, 0.0077271191365797945, 0.0007399311226526718, 0.0275966265082495, 0.08736795263259961, 0.07068277666622344, 0.010042617824673142, -0.001310622188134233, 0.029966110305848514, 0.08470388261038049, 0.057278210675434385, -0.06055871686935852, 0.08424257580212825, -0.059498334218229705, -0.09472338503388618, 0.033980523467544786, -0.035374662766726316, 0.08629973880339303, -0.013983591383759883, 0.009736909131413117, -0.07619530283118973, -0.06424692268705556, -0.03796323264082015, 0.0689151151779041, 0.07024093425993817, 0.029321184623534332, -0.054959313607570545, -0.05264821933733091, -0.034617345744652875, 0.02789128087320213, -0.002584685866926121, -0.07741166017507944, -0.036713881524731075, 0.03326320176721938, 0.05411812710832302, -0.025078651444688335, -0.061612187270356125, 0.06454735879760203, -0.04470319186228361, -0.09126697000406411, 0.07104146031296384, -0.009464822901629477, -0.03413168695198501, -0.08405671553125413, -0.07382117791040282, -0.004089550242340658, 0.028098424737189643, -0.08075005015579881, 0.03975826955386512, 0.004481238968223731, -0.05061429494250217, 0.067387901591208, 0.04736666431417607, -0.011918335651765104, 0.038420169902687665, 0.09684579124915704, 0.08581754377258292, 0.033325916427629276, -0.10520332647865734, -0.03923561237656633, -0.016054621706344037, 0.06379577455439507, 0.04788051478430247, -0.09798837021489183, 0.07911461140028715, -0.06612101022363832, -0.08140160467978759, -0.05907413001624456, -0.051140199882831416, -0.07756269706833196, -0.07118038033958103, 0.07069750964337103, -0.09601884832360481, -0.02256116929962899, 0.001627765235352296, 0.02105384013537693, 0.017717240732409198, -0.08011926699603399, 0.059624214609315176, -0.01579916800986221, 0.0019439501914273027, 0.05251624540205472, 6.475810747661461e-05, -2.06095649347723e-07, 0.001199880791232916, -0.07598223018642906, -0.08226045259382349, -0.07766386234407427, 0.06525833181407989, -0.0036108332174601913, 0.062091728685621565, -0.03613040176367034, 0.05777014129923398]

------------------------------------------------------------
Sender: LSF System <lsfadmin@c13n12>
Subject: Job 3505915: <python gr1-ly1-w2-hw2.py> in cluster <njucluster> Done

Job <python gr1-ly1-w2-hw2.py> was submitted from host <c01n01> by user <sjwu> in cluster <njucluster> at Tue Nov 24 17:44:36 2020
Job was executed on host(s) <24*c13n12>, in queue <mpi>, as user <sjwu> in cluster <njucluster> at Wed Nov 25 05:19:21 2020
</share/home/sjwu> was used as the home directory.
</share/home/sjwu/wlj/project/3-layers/grad-vanish> was used as the working directory.
Started at Wed Nov 25 05:19:21 2020
Terminated at Wed Nov 25 05:21:59 2020
Results reported at Wed Nov 25 05:21:59 2020

Your job looked like:

------------------------------------------------------------
# LSBATCH: User input
python gr1-ly1-w2-hw2.py
------------------------------------------------------------

Successfully completed.

Resource usage summary:

    CPU time :                                   1122.45 sec.
    Max Memory :                                 1440 MB
    Average Memory :                             393.62 MB
    Total Requested Memory :                     -
    Delta Memory :                               -
    Max Swap :                                   -
    Max Processes :                              28
    Max Threads :                                32
    Run time :                                   158 sec.
    Turnaround time :                            41843 sec.

The output (if any) is above this job summary.

